0.000000
5.549
0.000000
0.000000
-20.000
0.0000
0.0000
0.0000
1200
100
5548909512.000	3.805	-8.339
5548909928.000	3.806	-8.375
5548910344.000	3.809	-8.433
5548910760.000	3.811	-8.495
5548911176.000	3.813	-8.535
5548911592.000	3.814	-8.591
5548912008.000	3.816	-8.635
5548912424.000	3.818	-8.689
5548912840.000	3.820	-8.731
5548913256.000	3.821	-8.789
5548913672.000	3.825	-8.846
5548914088.000	3.826	-8.873
5548914504.000	3.827	-8.940
5548914920.000	3.830	-8.985
5548915336.000	3.833	-9.037
5548915752.000	3.834	-9.089
5548916168.000	3.835	-9.139
5548916584.000	3.840	-9.181
5548917000.000	3.840	-9.232
5548917416.000	3.844	-9.291
5548917832.000	3.844	-9.348
5548918248.000	3.847	-9.389
5548918664.000	3.850	-9.437
5548919080.000	3.850	-9.513
5548919496.000	3.853	-9.545
5548919912.000	3.855	-9.618
5548920328.000	3.857	-9.659
5548920744.000	3.858	-9.711
5548921160.000	3.860	-9.763
5548921576.000	3.861	-9.813
5548921992.000	3.863	-9.859
5548922408.000	3.867	-9.924
5548922824.000	3.869	-9.975
5548923240.000	3.871	-10.031
5548923656.000	3.873	-10.085
5548924072.000	3.874	-10.145
5548924488.000	3.877	-10.201
5548924904.000	3.878	-10.240
5548925320.000	3.880	-10.313
5548925736.000	3.882	-10.355
5548926152.000	3.885	-10.430
5548926568.000	3.887	-10.470
5548926984.000	3.888	-10.530
5548927400.000	3.892	-10.587
5548927816.000	3.893	-10.636
5548928232.000	3.894	-10.705
5548928648.000	3.898	-10.743
5548929064.000	3.899	-10.808
5548929480.000	3.902	-10.873
5548929896.000	3.901	-10.930
5548930312.000	3.906	-10.976
5548930728.000	3.909	-11.031
5548931144.000	3.909	-11.089
5548931560.000	3.913	-11.154
5548931976.000	3.914	-11.219
5548932392.000	3.914	-11.278
5548932808.000	3.917	-11.329
5548933224.000	3.920	-11.393
5548933640.000	3.922	-11.454
5548934056.000	3.924	-11.514
5548934472.000	3.925	-11.563
5548934888.000	3.928	-11.636
5548935304.000	3.930	-11.702
5548935720.000	3.933	-11.765
5548936136.000	3.935	-11.809
5548936552.000	3.936	-11.879
5548936968.000	3.940	-11.945
5548937384.000	3.939	-11.995
5548937800.000	3.941	-12.060
5548938216.000	3.942	-12.122
5548938632.000	3.946	-12.173
5548939048.000	3.949	-12.242
5548939464.000	3.952	-12.318
5548939880.000	3.952	-12.362
5548940296.000	3.955	-12.436
5548940712.000	3.958	-12.489
5548941128.000	3.961	-12.549
5548941544.000	3.960	-12.618
5548941960.000	3.964	-12.677
5548942376.000	3.965	-12.753
5548942792.000	3.965	-12.818
5548943208.000	3.969	-12.864
5548943624.000	3.971	-12.948
5548944040.000	3.972	-13.016
5548944456.000	3.975	-13.063
5548944872.000	3.978	-13.142
5548945288.000	3.978	-13.210
5548945704.000	3.981	-13.284
5548946120.000	3.985	-13.333
5548946536.000	3.985	-13.407
5548946952.000	3.988	-13.469
5548947368.000	3.990	-13.533
5548947784.000	3.993	-13.619
5548948200.000	3.993	-13.666
5548948616.000	3.995	-13.745
5548949032.000	3.997	-13.810
5548949448.000	4.001	-13.880
5548949864.000	4.002	-13.940
5548950280.000	4.005	-14.027
5548950696.000	4.005	-14.079
5548951112.000	4.009	-14.144
5548951528.000	4.009	-14.240
5548951944.000	4.013	-14.290
5548952360.000	4.013	-14.383
5548952776.000	4.017	-14.423
5548953192.000	4.019	-14.515
5548953608.000	4.018	-14.577
5548954024.000	4.023	-14.654
5548954440.000	4.023	-14.719
5548954856.000	4.026	-14.796
5548955272.000	4.029	-14.867
5548955688.000	4.030	-14.945
5548956104.000	4.032	-15.020
5548956520.000	4.033	-15.087
5548956936.000	4.035	-15.174
5548957352.000	4.038	-15.241
5548957768.000	4.040	-15.303
5548958184.000	4.043	-15.389
5548958600.000	4.044	-15.457
5548959016.000	4.046	-15.542
5548959432.000	4.048	-15.609
5548959848.000	4.049	-15.696
5548960264.000	4.052	-15.775
5548960680.000	4.052	-15.835
5548961096.000	4.056	-15.920
5548961512.000	4.057	-15.992
5548961928.000	4.059	-16.067
5548962344.000	4.061	-16.147
5548962760.000	4.064	-16.235
5548963176.000	4.064	-16.314
5548963592.000	4.067	-16.399
5548964008.000	4.069	-16.477
5548964424.000	4.071	-16.557
5548964840.000	4.074	-16.631
5548965256.000	4.074	-16.692
5548965672.000	4.075	-16.774
5548966088.000	4.079	-16.871
5548966504.000	4.081	-16.950
5548966920.000	4.082	-17.027
5548967336.000	4.084	-17.106
5548967752.000	4.086	-17.204
5548968168.000	4.087	-17.277
5548968584.000	4.089	-17.368
5548969000.000	4.091	-17.442
5548969416.000	4.093	-17.528
5548969832.000	4.094	-17.620
5548970248.000	4.097	-17.697
5548970664.000	4.099	-17.776
5548971080.000	4.101	-17.871
5548971496.000	4.101	-17.965
5548971912.000	4.104	-18.036
5548972328.000	4.106	-18.134
5548972744.000	4.108	-18.228
5548973160.000	4.110	-18.293
5548973576.000	4.112	-18.402
5548973992.000	4.114	-18.477
5548974408.000	4.115	-18.555
5548974824.000	4.115	-18.667
5548975240.000	4.116	-18.739
5548975656.000	4.119	-18.838
5548976072.000	4.123	-18.921
5548976488.000	4.123	-19.033
5548976904.000	4.125	-19.111
5548977320.000	4.125	-19.196
5548977736.000	4.129	-19.301
5548978152.000	4.130	-19.382
5548978568.000	4.132	-19.467
5548978984.000	4.135	-19.569
5548979400.000	4.134	-19.663
5548979816.000	4.134	-19.754
5548980232.000	4.138	-19.848
5548980648.000	4.139	-19.944
5548981064.000	4.142	-20.043
5548981480.000	4.141	-20.128
5548981896.000	4.142	-20.244
5548982312.000	4.144	-20.328
5548982728.000	4.145	-20.437
5548983144.000	4.147	-20.523
5548983560.000	4.149	-20.600
5548983976.000	4.149	-20.724
5548984392.000	4.150	-20.808
5548984808.000	4.154	-20.927
5548985224.000	4.155	-21.026
5548985640.000	4.155	-21.108
5548986056.000	4.157	-21.227
5548986472.000	4.158	-21.318
5548986888.000	4.160	-21.424
5548987304.000	4.162	-21.528
5548987720.000	4.163	-21.638
5548988136.000	4.162	-21.733
5548988552.000	4.166	-21.833
5548988968.000	4.167	-21.932
5548989384.000	4.167	-22.057
5548989800.000	4.169	-22.157
5548990216.000	4.171	-22.259
5548990632.000	4.170	-22.360
5548991048.000	4.172	-22.455
5548991464.000	4.173	-22.593
5548991880.000	4.173	-22.677
5548992296.000	4.177	-22.786
5548992712.000	4.176	-22.902
5548993128.000	4.176	-23.009
5548993544.000	4.179	-23.122
5548993960.000	4.179	-23.242
5548994376.000	4.180	-23.343
5548994792.000	4.180	-23.460
5548995208.000	4.181	-23.565
5548995624.000	4.182	-23.681
5548996040.000	4.183	-23.789
5548996456.000	4.183	-23.910
5548996872.000	4.185	-24.017
5548997288.000	4.186	-24.133
5548997704.000	4.186	-24.246
5548998120.000	4.187	-24.374
5548998536.000	4.187	-24.475
5548998952.000	4.189	-24.612
5548999368.000	4.189	-24.714
5548999784.000	4.189	-24.855
5549000200.000	4.189	-24.958
5549000616.000	4.189	-25.088
5549001032.000	4.191	-25.187
5549001448.000	4.191	-25.317
5549001864.000	4.189	-25.432
5549002280.000	4.192	-25.556
5549002696.000	4.192	-25.687
5549003112.000	4.193	-25.805
5549003528.000	4.193	-25.940
5549003944.000	4.193	-26.061
5549004360.000	4.192	-26.178
5549004776.000	4.192	-26.317
5549005192.000	4.194	-26.452
5549005608.000	4.193	-26.547
5549006024.000	4.194	-26.717
5549006440.000	4.193	-26.806
5549006856.000	4.192	-26.948
5549007272.000	4.192	-27.092
5549007688.000	4.191	-27.223
5549008104.000	4.192	-27.358
5549008520.000	4.192	-27.489
5549008936.000	4.191	-27.597
5549009352.000	4.191	-27.759
5549009768.000	4.192	-27.884
5549010184.000	4.191	-27.997
5549010600.000	4.189	-28.148
5549011016.000	4.188	-28.293
5549011432.000	4.189	-28.402
5549011848.000	4.187	-28.571
5549012264.000	4.187	-28.692
5549012680.000	4.186	-28.860
5549013096.000	4.185	-28.993
5549013512.000	4.185	-29.132
5549013928.000	4.184	-29.249
5549014344.000	4.182	-29.387
5549014760.000	4.181	-29.540
5549015176.000	4.180	-29.675
5549015592.000	4.180	-29.834
5549016008.000	4.178	-29.990
5549016424.000	4.177	-30.120
5549016840.000	4.175	-30.282
5549017256.000	4.173	-30.436
5549017672.000	4.173	-30.568
5549018088.000	4.172	-30.707
5549018504.000	4.168	-30.864
5549018920.000	4.168	-31.017
5549019336.000	4.166	-31.177
5549019752.000	4.165	-31.318
5549020168.000	4.163	-31.449
5549020584.000	4.161	-31.621
5549021000.000	4.158	-31.783
5549021416.000	4.158	-31.940
5549021832.000	4.155	-32.085
5549022248.000	4.153	-32.253
5549022664.000	4.150	-32.421
5549023080.000	4.148	-32.557
5549023496.000	4.145	-32.724
5549023912.000	4.142	-32.881
5549024328.000	4.140	-33.039
5549024744.000	4.138	-33.212
5549025160.000	4.135	-33.358
5549025576.000	4.130	-33.547
5549025992.000	4.128	-33.707
5549026408.000	4.126	-33.858
5549026824.000	4.122	-34.056
5549027240.000	4.119	-34.213
5549027656.000	4.116	-34.384
5549028072.000	4.112	-34.529
5549028488.000	4.111	-34.716
5549028904.000	4.106	-34.903
5549029320.000	4.102	-35.065
5549029736.000	4.098	-35.237
5549030152.000	4.094	-35.415
5549030568.000	4.091	-35.582
5549030984.000	4.088	-35.754
5549031400.000	4.082	-35.938
5549031816.000	4.077	-36.114
5549032232.000	4.073	-36.296
5549032648.000	4.070	-36.465
5549033064.000	4.066	-36.663
5549033480.000	4.059	-36.826
5549033896.000	4.057	-36.988
5549034312.000	4.049	-37.183
5549034728.000	4.044	-37.408
5549035144.000	4.041	-37.563
5549035560.000	4.035	-37.776
5549035976.000	4.030	-37.941
5549036392.000	4.025	-38.128
5549036808.000	4.018	-38.298
5549037224.000	4.014	-38.513
5549037640.000	4.006	-38.680
5549038056.000	4.002	-38.900
5549038472.000	3.995	-39.051
5549038888.000	3.988	-39.260
5549039304.000	3.983	-39.463
5549039720.000	3.974	-39.671
5549040136.000	3.968	-39.867
5549040552.000	3.962	-40.057
5549040968.000	3.956	-40.263
5549041384.000	3.948	-40.461
5549041800.000	3.939	-40.679
5549042216.000	3.934	-40.852
5549042632.000	3.925	-41.058
5549043048.000	3.918	-41.261
5549043464.000	3.910	-41.489
5549043880.000	3.901	-41.695
5549044296.000	3.895	-41.878
5549044712.000	3.885	-42.090
5549045128.000	3.878	-42.304
5549045544.000	3.869	-42.514
5549045960.000	3.860	-42.706
5549046376.000	3.848	-42.954
5549046792.000	3.841	-43.141
5549047208.000	3.831	-43.396
5549047624.000	3.821	-43.590
5549048040.000	3.811	-43.832
5549048456.000	3.803	-44.025
5549048872.000	3.791	-44.249
5549049288.000	3.780	-44.477
5549049704.000	3.768	-44.685
5549050120.000	3.760	-44.929
5549050536.000	3.749	-45.141
5549050952.000	3.739	-45.364
5549051368.000	3.726	-45.572
5549051784.000	3.715	-45.801
5549052200.000	3.704	-46.033
5549052616.000	3.691	-46.282
5549053032.000	3.679	-46.486
5549053448.000	3.668	-46.730
5549053864.000	3.654	-46.957
5549054280.000	3.641	-47.187
5549054696.000	3.629	-47.434
5549055112.000	3.613	-47.686
5549055528.000	3.600	-47.906
5549055944.000	3.586	-48.142
5549056360.000	3.572	-48.383
5549056776.000	3.560	-48.585
5549057192.000	3.545	-48.850
5549057608.000	3.530	-49.101
5549058024.000	3.511	-49.404
5549058440.000	3.503	-49.569
5549058856.000	3.484	-49.866
5549059272.000	3.468	-50.106
5549059688.000	3.450	-50.356
5549060104.000	3.436	-50.583
5549060520.000	3.416	-50.858
5549060936.000	3.402	-51.104
5549061352.000	3.385	-51.346
5549061768.000	3.368	-51.612
5549062184.000	3.350	-51.840
5549062600.000	3.331	-52.110
5549063016.000	3.311	-52.408
5549063432.000	3.294	-52.634
5549063848.000	3.276	-52.879
5549064264.000	3.255	-53.163
5549064680.000	3.237	-53.375
5549065096.000	3.218	-53.687
5549065512.000	3.196	-53.949
5549065928.000	3.175	-54.225
5549066344.000	3.155	-54.479
5549066760.000	3.135	-54.728
5549067176.000	3.112	-55.005
5549067592.000	3.092	-55.280
5549068008.000	3.071	-55.523
5549068424.000	3.048	-55.828
5549068840.000	3.028	-56.051
5549069256.000	3.003	-56.340
5549069672.000	2.978	-56.617
5549070088.000	2.955	-56.895
5549070504.000	2.931	-57.178
5549070920.000	2.903	-57.467
5549071336.000	2.880	-57.733
5549071752.000	2.858	-57.973
5549072168.000	2.833	-58.279
5549072584.000	2.804	-58.573
5549073000.000	2.776	-58.884
5549073416.000	2.752	-59.132
5549073832.000	2.723	-59.421
5549074248.000	2.698	-59.703
5549074664.000	2.668	-59.982
5549075080.000	2.642	-60.237
5549075496.000	2.616	-60.540
5549075912.000	2.581	-60.820
5549076328.000	2.552	-61.147
5549076744.000	2.520	-61.446
5549077160.000	2.486	-61.766
5549077576.000	2.460	-62.019
5549077992.000	2.429	-62.303
5549078408.000	2.399	-62.580
5549078824.000	2.366	-62.885
5549079240.000	2.337	-63.165
5549079656.000	2.298	-63.507
5549080072.000	2.264	-63.792
5549080488.000	2.233	-64.047
5549080904.000	2.202	-64.357
5549081320.000	2.163	-64.684
5549081736.000	2.125	-64.987
5549082152.000	2.093	-65.261
5549082568.000	2.058	-65.558
5549082984.000	2.019	-65.868
5549083400.000	1.984	-66.163
5549083816.000	1.942	-66.487
5549084232.000	1.909	-66.762
5549084648.000	1.869	-67.076
5549085064.000	1.829	-67.365
5549085480.000	1.788	-67.667
5549085896.000	1.747	-67.969
5549086312.000	1.711	-68.278
5549086728.000	1.664	-68.611
5549087144.000	1.628	-68.870
5549087560.000	1.582	-69.233
5549087976.000	1.544	-69.491
5549088392.000	1.494	-69.816
5549088808.000	1.454	-70.129
5549089224.000	1.400	-70.462
5549089640.000	1.361	-70.760
5549090056.000	1.315	-71.067
5549090472.000	1.270	-71.368
5549090888.000	1.221	-71.685
5549091304.000	1.171	-71.997
5549091720.000	1.123	-72.319
5549092136.000	1.082	-72.560
5549092552.000	1.030	-72.918
5549092968.000	0.977	-73.222
5549093384.000	0.935	-73.490
5549093800.000	0.878	-73.853
5549094216.000	0.829	-74.126
5549094632.000	0.773	-74.470
5549095048.000	0.717	-74.801
5549095464.000	0.665	-75.115
5549095880.000	0.609	-75.407
5549096296.000	0.564	-75.691
5549096712.000	0.498	-76.047
5549097128.000	0.442	-76.336
5549097544.000	0.390	-76.640
5549097960.000	0.326	-76.976
5549098376.000	0.274	-77.269
5549098792.000	0.215	-77.561
5549099208.000	0.155	-77.890
5549099624.000	0.092	-78.211
5549100040.000	0.032	-78.521
5549100456.000	-0.030	-78.826
5549100872.000	-0.095	-79.143
5549101288.000	-0.156	-79.446
5549101704.000	-0.214	-79.711
5549102120.000	-0.283	-80.054
5549102536.000	-0.356	-80.377
5549102952.000	-0.416	-80.691
5549103368.000	-0.488	-81.022
5549103784.000	-0.545	-81.269
5549104200.000	-0.620	-81.609
5549104616.000	-0.694	-81.927
5549105032.000	-0.758	-82.223
5549105448.000	-0.818	-82.505
5549105864.000	-0.897	-82.837
5549106280.000	-0.974	-83.134
5549106696.000	-1.046	-83.429
5549107112.000	-1.117	-83.726
5549107528.000	-1.187	-84.019
5549107944.000	-1.271	-84.369
5549108360.000	-1.344	-84.646
5549108776.000	-1.416	-84.927
5549109192.000	-1.500	-85.240
5549109608.000	-1.581	-85.564
5549110024.000	-1.658	-85.849
5549110440.000	-1.739	-86.149
5549110856.000	-1.814	-86.428
5549111272.000	-1.907	-86.767
5549111688.000	-1.967	-86.962
5549112104.000	-2.064	-87.293
5549112520.000	-2.156	-87.620
5549112936.000	-2.244	-87.918
5549113352.000	-2.328	-88.198
5549113768.000	-2.408	-88.467
5549114184.000	-2.511	-88.797
5549114600.000	-2.590	-89.043
5549115016.000	-2.683	-89.336
5549115432.000	-2.778	-89.650
5549115848.000	-2.878	-89.914
5549116264.000	-2.962	-90.194
5549116680.000	-3.061	-90.472
5549117096.000	-3.158	-90.767
5549117512.000	-3.252	-91.069
5549117928.000	-3.345	-91.287
5549118344.000	-3.452	-91.559
5549118760.000	-3.546	-91.878
5549119176.000	-3.641	-92.070
5549119592.000	-3.755	-92.399
5549120008.000	-3.848	-92.635
5549120424.000	-3.961	-92.943
5549120840.000	-4.057	-93.176
5549121256.000	-4.182	-93.477
5549121672.000	-4.286	-93.711
5549122088.000	-4.385	-93.972
5549122504.000	-4.503	-94.197
5549122920.000	-4.616	-94.480
5549123336.000	-4.746	-94.769
5549123752.000	-4.847	-94.979
5549124168.000	-4.962	-95.239
5549124584.000	-5.075	-95.466
5549125000.000	-5.204	-95.754
5549125416.000	-5.318	-95.989
5549125832.000	-5.455	-96.204
5549126248.000	-5.563	-96.452
5549126664.000	-5.704	-96.718
5549127080.000	-5.835	-96.994
5549127496.000	-5.943	-97.187
5549127912.000	-6.077	-97.386
5549128328.000	-6.216	-97.695
5549128744.000	-6.362	-97.881
5549129160.000	-6.474	-98.100
5549129576.000	-6.641	-98.309
5549129992.000	-6.742	-98.485
5549130408.000	-6.908	-98.693
5549130824.000	-7.054	-98.986
5549131240.000	-7.181	-99.181
5549131656.000	-7.341	-99.340
5549132072.000	-7.479	-99.549
5549132488.000	-7.647	-99.746
5549132904.000	-7.789	-99.942
5549133320.000	-7.968	-100.168
5549133736.000	-8.110	-100.356
5549134152.000	-8.262	-100.478
5549134568.000	-8.447	-100.709
5549134984.000	-8.615	-100.872
5549135400.000	-8.781	-100.980
5549135816.000	-8.937	-101.163
5549136232.000	-9.135	-101.389
5549136648.000	-9.315	-101.564
5549137064.000	-9.475	-101.650
5549137480.000	-9.662	-101.819
5549137896.000	-9.853	-101.938
5549138312.000	-10.021	-102.082
5549138728.000	-10.229	-102.219
5549139144.000	-10.440	-102.335
5549139560.000	-10.647	-102.439
5549139976.000	-10.837	-102.596
5549140392.000	-11.049	-102.632
5549140808.000	-11.231	-102.685
5549141224.000	-11.483	-102.803
5549141640.000	-11.696	-102.873
5549142056.000	-11.914	-102.934
5549142472.000	-12.161	-103.058
5549142888.000	-12.382	-103.042
5549143304.000	-12.640	-103.066
5549143720.000	-12.875	-103.108
5549144136.000	-13.112	-103.084
5549144552.000	-13.395	-103.151
5549144968.000	-13.646	-103.096
5549145384.000	-13.914	-103.005
5549145800.000	-14.197	-102.923
5549146216.000	-14.519	-102.942
5549146632.000	-14.801	-102.702
5549147048.000	-15.103	-102.583
5549147464.000	-15.435	-102.471
5549147880.000	-15.759	-102.270
5549148296.000	-16.048	-102.269
5549148712.000	-16.395	-101.725
5549149128.000	-16.784	-101.616
5549149544.000	-17.149	-101.190
5549149960.000	-17.532	-100.827
5549150376.000	-17.984	-100.401
5549150792.000	-18.433	-100.000
5549151208.000	-18.824	-99.284
5549151624.000	-19.300	-98.751
5549152040.000	-19.699	-98.001
5549152456.000	-20.236	-97.114
5549152872.000	-20.745	-96.155
5549153288.000	-21.241	-94.793
5549153704.000	-21.927	-93.560
5549154120.000	-22.440	-91.854
5549154536.000	-23.151	-90.331
5549154952.000	-23.721	-88.120
5549155368.000	-24.486	-85.799
5549155784.000	-25.294	-82.240
5549156200.000	-25.927	-79.754
5549156616.000	-26.867	-74.196
5549157032.000	-27.629	-69.812
5549157448.000	-28.303	-63.748
5549157864.000	-28.957	-56.396
5549158280.000	-29.530	-47.796
5549158696.000	-29.989	-37.554
5549159112.000	-30.105	-27.311
5549159528.000	-29.887	-19.210
5549159944.000	-29.519	-9.923
5549160360.000	-28.941	-0.617
5549160776.000	-28.325	5.477
5549161192.000	-27.575	11.204
5549161608.000	-26.843	16.086
5549162024.000	-26.092	20.006
5549162440.000	-25.385	23.518
5549162856.000	-24.747	26.377
5549163272.000	-24.029	28.476
5549163688.000	-23.417	31.061
5549164104.000	-22.845	32.728
5549164520.000	-22.352	33.966
5549164936.000	-21.789	35.509
5549165352.000	-21.305	36.556
5549165768.000	-20.821	37.499
5549166184.000	-20.383	38.440
5549166600.000	-20.092	39.040
5549167016.000	-19.634	39.754
5549167432.000	-19.172	40.319
5549167848.000	-18.782	40.916
5549168264.000	-18.530	41.249
5549168680.000	-18.143	41.799
5549169096.000	-17.840	42.150
5549169512.000	-17.523	42.442
5549169928.000	-17.221	42.731
5549170344.000	-16.926	42.990
5549170760.000	-16.653	43.260
5549171176.000	-16.393	43.469
5549171592.000	-16.148	43.636
5549172008.000	-15.894	43.814
5549172424.000	-15.635	43.894
5549172840.000	-15.458	44.026
5549173256.000	-15.164	44.227
5549173672.000	-14.977	44.239
5549174088.000	-14.776	44.336
5549174504.000	-14.510	44.412
5549174920.000	-14.346	44.419
5549175336.000	-14.156	44.457
5549175752.000	-13.952	44.559
5549176168.000	-13.772	44.625
5549176584.000	-13.594	44.563
5549177000.000	-13.375	44.609
5549177416.000	-13.253	44.683
5549177832.000	-13.083	44.691
5549178248.000	-12.901	44.673
5549178664.000	-12.747	44.581
5549179080.000	-12.584	44.614
5549179496.000	-12.448	44.649
5549179912.000	-12.284	44.521
5549180328.000	-12.153	44.553
5549180744.000	-12.016	44.510
5549181160.000	-11.865	44.449
5549181576.000	-11.743	44.454
5549181992.000	-11.606	44.342
5549182408.000	-11.467	44.365
5549182824.000	-11.357	44.269
5549183240.000	-11.228	44.245
5549183656.000	-11.097	44.162
5549184072.000	-10.974	44.159
5549184488.000	-10.865	44.086
5549184904.000	-10.757	44.000
5549185320.000	-10.644	44.002
5549185736.000	-10.520	43.887
5549186152.000	-10.411	43.740
5549186568.000	-10.304	43.786
5549186984.000	-10.194	43.700
5549187400.000	-10.087	43.627
5549187816.000	-9.989	43.553
5549188232.000	-9.882	43.459
5549188648.000	-9.795	43.439
5549189064.000	-9.692	43.351
5549189480.000	-9.599	43.233
5549189896.000	-9.508	43.187
5549190312.000	-9.410	43.075
5549190728.000	-9.319	42.973
5549191144.000	-9.227	42.933
5549191560.000	-9.135	42.805
5549191976.000	-9.057	42.770
5549192392.000	-8.966	42.646
5549192808.000	-8.889	42.583
5549193224.000	-8.814	42.563
5549193640.000	-8.739	42.425
5549194056.000	-8.642	42.342
5549194472.000	-8.582	42.259
5549194888.000	-8.474	42.126
5549195304.000	-8.410	42.090
5549195720.000	-8.343	42.024
5549196136.000	-8.274	41.989
5549196552.000	-8.196	41.846
5549196968.000	-8.122	41.782
5549197384.000	-8.046	41.661
5549197800.000	-7.984	41.621
5549198216.000	-7.921	41.497
5549198632.000	-7.853	41.402
5549199048.000	-7.783	41.353
5549199464.000	-7.710	41.239
5549199880.000	-7.640	41.165
5549200296.000	-7.583	41.022
5549200712.000	-7.515	40.983
5549201128.000	-7.453	40.866
5549201544.000	-7.392	40.801
5549201960.000	-7.329	40.734
5549202376.000	-7.268	40.628
5549202792.000	-7.208	40.538
5549203208.000	-7.164	40.469
5549203624.000	-7.091	40.377
5549204040.000	-7.042	40.315
5549204456.000	-6.986	40.211
5549204872.000	-6.913	40.117
5549205288.000	-6.874	40.058
5549205704.000	-6.806	39.891
5549206120.000	-6.759	39.876
5549206536.000	-6.705	39.724
5549206952.000	-6.655	39.663
5549207368.000	-6.596	39.573
5549207784.000	-6.553	39.519
5549208200.000	-6.489	39.369
5549208616.000	-6.444	39.304
5549209032.000	-6.395	39.254
5549209448.000	-6.347	39.171
5549209864.000	-6.297	39.044
5549210280.000	-6.258	39.003
5549210696.000	-6.206	38.906
5549211112.000	-6.158	38.793
5549211528.000	-6.114	38.729
5549211944.000	-6.062	38.652
5549212360.000	-6.018	38.557
5549212776.000	-5.975	38.490
5549213192.000	-5.929	38.367
5549213608.000	-5.880	38.274
5549214024.000	-5.840	38.211
5549214440.000	-5.794	38.141
5549214856.000	-5.751	38.039
5549215272.000	-5.711	38.000
5549215688.000	-5.676	37.922
5549216104.000	-5.626	37.787
5549216520.000	-5.587	37.734
5549216936.000	-5.542	37.650
5549217352.000	-5.507	37.566
5549217768.000	-5.463	37.489
5549218184.000	-5.432	37.392
5549218600.000	-5.383	37.316
5549219016.000	-5.356	37.217
5549219432.000	-5.308	37.171
5549219848.000	-5.273	37.080
5549220264.000	-5.235	37.006
5549220680.000	-5.204	36.919
5549221096.000	-5.164	36.848
5549221512.000	-5.137	36.771
5549221928.000	-5.090	36.673
5549222344.000	-5.055	36.569
5549222760.000	-5.014	36.478
5549223176.000	-4.981	36.408
5549223592.000	-4.949	36.361
5549224008.000	-4.915	36.267
5549224424.000	-4.878	36.209
5549224840.000	-4.845	36.153
5549225256.000	-4.814	36.063
5549225672.000	-4.788	35.963
5549226088.000	-4.751	35.898
5549226504.000	-4.715	35.841
5549226920.000	-4.687	35.730
5549227336.000	-4.651	35.681
5549227752.000	-4.617	35.588
5549228168.000	-4.588	35.525
5549228584.000	-4.555	35.433
5549229000.000	-4.530	35.346
5549229416.000	-4.499	35.283
5549229832.000	-4.467	35.235
5549230248.000	-4.438	35.120
5549230664.000	-4.410	35.121
5549231080.000	-4.378	35.006
5549231496.000	-4.347	34.923
5549231912.000	-4.314	34.854
5549232328.000	-4.292	34.765
5549232744.000	-4.266	34.716
5549233160.000	-4.233	34.652
5549233576.000	-4.205	34.521
5549233992.000	-4.180	34.490
5549234408.000	-4.147	34.415
5549234824.000	-4.126	34.339
5549235240.000	-4.096	34.262
5549235656.000	-4.070	34.204
5549236072.000	-4.043	34.123
5549236488.000	-4.017	34.074
5549236904.000	-3.994	33.985
5549237320.000	-3.965	33.917
5549237736.000	-3.939	33.841
5549238152.000	-3.914	33.771
5549238568.000	-3.885	33.695
5549238984.000	-3.868	33.653
5549239400.000	-3.842	33.560
5549239816.000	-3.816	33.521
5549240232.000	-3.785	33.463
5549240648.000	-3.765	33.372
5549241064.000	-3.740	33.303
5549241480.000	-3.717	33.210
5549241896.000	-3.695	33.137
5549242312.000	-3.670	33.109
5549242728.000	-3.645	33.015
5549243144.000	-3.622	32.959
5549243560.000	-3.608	32.893
5549243976.000	-3.576	32.812
5549244392.000	-3.556	32.768
5549244808.000	-3.535	32.708
5549245224.000	-3.512	32.628
5549245640.000	-3.491	32.566
5549246056.000	-3.464	32.482
5549246472.000	-3.450	32.437
5549246888.000	-3.424	32.356
5549247304.000	-3.402	32.315
5549247720.000	-3.382	32.240
5549248136.000	-3.360	32.151
5549248552.000	-3.342	32.137
5549248968.000	-3.319	32.066
5549249384.000	-3.298	31.977
5549249800.000	-3.280	31.916
5549250216.000	-3.256	31.837
5549250632.000	-3.233	31.788
5549251048.000	-3.214	31.732
5549251464.000	-3.200	31.670
5549251880.000	-3.178	31.597
5549252296.000	-3.156	31.565
5549252712.000	-3.133	31.481
5549253128.000	-3.118	31.421
5549253544.000	-3.099	31.376
5549253960.000	-3.078	31.320
5549254376.000	-3.060	31.236
5549254792.000	-3.039	31.164
5549255208.000	-3.024	31.099
5549255624.000	-3.003	31.042
5549256040.000	-2.984	31.021
5549256456.000	-2.968	30.954
5549256872.000	-2.950	30.867
5549257288.000	-2.929	30.815
5549257704.000	-2.910	30.758
5549258120.000	-2.892	30.728
5549258536.000	-2.877	30.638
5549258952.000	-2.855	30.591
5549259368.000	-2.839	30.502
5549259784.000	-2.827	30.470
5549260200.000	-2.804	30.426
5549260616.000	-2.790	30.362
5549261032.000	-2.771	30.298
5549261448.000	-2.755	30.224
5549261864.000	-2.735	30.177
5549262280.000	-2.722	30.119
5549262696.000	-2.709	30.059
5549263112.000	-2.691	30.020
5549263528.000	-2.674	29.912
5549263944.000	-2.655	29.880
5549264360.000	-2.639	29.834
5549264776.000	-2.624	29.799
5549265192.000	-2.610	29.711
5549265608.000	-2.592	29.646
5549266024.000	-2.576	29.613
5549266440.000	-2.559	29.555
5549266856.000	-2.545	29.508
5549267272.000	-2.532	29.453
5549267688.000	-2.512	29.418
5549268104.000	-2.501	29.362
5549268520.000	-2.481	29.299
5549268936.000	-2.471	29.233
5549269352.000	-2.453	29.184
5549269768.000	-2.443	29.142
5549270184.000	-2.421	29.043
5549270600.000	-2.409	29.023
5549271016.000	-2.398	28.980
5549271432.000	-2.381	28.917
5549271848.000	-2.366	28.850
5549272264.000	-2.353	28.824
5549272680.000	-2.340	28.747
5549273096.000	-2.323	28.676
5549273512.000	-2.311	28.660
5549273928.000	-2.295	28.617
5549274344.000	-2.278	28.531
5549274760.000	-2.264	28.503
5549275176.000	-2.251	28.443
5549275592.000	-2.244	28.395
5549276008.000	-2.224	28.338
5549276424.000	-2.215	28.300
5549276840.000	-2.200	28.241
5549277256.000	-2.188	28.197
5549277672.000	-2.172	28.119
5549278088.000	-2.161	28.101
5549278504.000	-2.148	28.042
5549278920.000	-2.137	27.989
5549279336.000	-2.117	27.938
5549279752.000	-2.109	27.911
5549280168.000	-2.094	27.845
5549280584.000	-2.085	27.789
5549281000.000	-2.069	27.735
5549281416.000	-2.059	27.699
5549281832.000	-2.046	27.629
5549282248.000	-2.035	27.616
5549282664.000	-2.024	27.526
5549283080.000	-2.006	27.488
5549283496.000	-1.995	27.448
5549283912.000	-1.985	27.381
5549284328.000	-1.974	27.349
5549284744.000	-1.959	27.309
5549285160.000	-1.950	27.257
5549285576.000	-1.935	27.205
5549285992.000	-1.925	27.178
5549286408.000	-1.913	27.093
5549286824.000	-1.900	27.055
5549287240.000	-1.889	27.012
5549287656.000	-1.883	26.976
5549288072.000	-1.864	26.924
5549288488.000	-1.857	26.880
5549288904.000	-1.844	26.828
5549289320.000	-1.832	26.779
5549289736.000	-1.825	26.745
5549290152.000	-1.807	26.681
5549290568.000	-1.803	26.650
5549290984.000	-1.787	26.600
5549291400.000	-1.777	26.541
5549291816.000	-1.767	26.502
5549292232.000	-1.757	26.480
5549292648.000	-1.745	26.424
5549293064.000	-1.733	26.371
5549293480.000	-1.725	26.321
5549293896.000	-1.711	26.293
5549294312.000	-1.703	26.236
5549294728.000	-1.694	26.203
5549295144.000	-1.685	26.160
5549295560.000	-1.667	26.078
5549295976.000	-1.660	26.057
5549296392.000	-1.649	26.015
5549296808.000	-1.642	25.967
5549297224.000	-1.627	25.932
5549297640.000	-1.620	25.868
5549298056.000	-1.609	25.842
5549298472.000	-1.603	25.773
5549298888.000	-1.592	25.764
5549299304.000	-1.582	25.740
5549299720.000	-1.569	25.656
5549300136.000	-1.560	25.617
5549300552.000	-1.550	25.581
5549300968.000	-1.538	25.537
5549301384.000	-1.536	25.497
5549301800.000	-1.521	25.463
5549302216.000	-1.512	25.406
5549302632.000	-1.503	25.372
5549303048.000	-1.492	25.317
5549303464.000	-1.481	25.271
5549303880.000	-1.474	25.264
5549304296.000	-1.466	25.188
5549304712.000	-1.461	25.180
5549305128.000	-1.449	25.117
5549305544.000	-1.441	25.084
5549305960.000	-1.427	25.046
5549306376.000	-1.419	24.998
5549306792.000	-1.409	24.944
5549307208.000	-1.401	24.920
5549307624.000	-1.394	24.879
5549308040.000	-1.381	24.819
5549308456.000	-1.375	24.791
5549308872.000	-1.366	24.757
5549309288.000	-1.356	24.711
5549309704.000	-1.349	24.673
5549310120.000	-1.339	24.638
5549310536.000	-1.332	24.576
5549310952.000	-1.326	24.542
5549311368.000	-1.314	24.512
5549311784.000	-1.305	24.486
5549312200.000	-1.299	24.448
5549312616.000	-1.292	24.414
5549313032.000	-1.278	24.363
5549313448.000	-1.274	24.336
5549313864.000	-1.263	24.290
5549314280.000	-1.255	24.252
5549314696.000	-1.248	24.187
5549315112.000	-1.238	24.175
5549315528.000	-1.228	24.138
5549315944.000	-1.222	24.086
5549316360.000	-1.213	24.044
5549316776.000	-1.205	23.975
5549317192.000	-1.198	23.977
5549317608.000	-1.188	23.927
5549318024.000	-1.182	23.897
5549318440.000	-1.176	23.860
5549318856.000	-1.167	23.811
5549319272.000	-1.159	23.785
5549319688.000	-1.152	23.736
5549320104.000	-1.144	23.696
5549320520.000	-1.136	23.684
5549320936.000	-1.127	23.623
5549321352.000	-1.123	23.617
5549321768.000	-1.114	23.569
5549322184.000	-1.105	23.502
5549322600.000	-1.096	23.472
5549323016.000	-1.089	23.467
5549323432.000	-1.081	23.406
5549323848.000	-1.074	23.364
5549324264.000	-1.068	23.334
5549324680.000	-1.060	23.297
5549325096.000	-1.052	23.266
5549325512.000	-1.046	23.230
5549325928.000	-1.040	23.191
5549326344.000	-1.030	23.164
5549326760.000	-1.024	23.131
5549327176.000	-1.016	23.087
5549327592.000	-1.011	23.051
5549328008.000	-1.004	23.002
5549328424.000	-0.994	22.988
5549328840.000	-0.990	22.938
5549329256.000	-0.982	22.915
5549329672.000	-0.971	22.849
5549330088.000	-0.969	22.838
5549330504.000	-0.959	22.808
5549330920.000	-0.953	22.758
5549331336.000	-0.947	22.738
5549331752.000	-0.943	22.682
5549332168.000	-0.931	22.668
5549332584.000	-0.928	22.630
5549333000.000	-0.917	22.605
5549333416.000	-0.913	22.550
5549333832.000	-0.906	22.524
5549334248.000	-0.901	22.491
5549334664.000	-0.893	22.454
5549335080.000	-0.886	22.413
5549335496.000	-0.880	22.366
5549335912.000	-0.874	22.347
5549336328.000	-0.865	22.326
5549336744.000	-0.861	22.291
5549337160.000	-0.856	22.246
5549337576.000	-0.850	22.225
5549337992.000	-0.842	22.182
5549338408.000	-0.835	22.155
5549338824.000	-0.829	22.124
5549339240.000	-0.821	22.096
5549339656.000	-0.814	22.032
5549340072.000	-0.809	22.011
5549340488.000	-0.801	21.980
5549340904.000	-0.795	21.944
5549341320.000	-0.789	21.915
5549341736.000	-0.788	21.895
5549342152.000	-0.779	21.846
5549342568.000	-0.772	21.812
5549342984.000	-0.766	21.784
5549343400.000	-0.760	21.751
5549343816.000	-0.755	21.725
5549344232.000	-0.749	21.709
5549344648.000	-0.743	21.642
5549345064.000	-0.736	21.608
5549345480.000	-0.732	21.592
5549345896.000	-0.725	21.557
5549346312.000	-0.719	21.517
5549346728.000	-0.711	21.497
5549347144.000	-0.705	21.471
5549347560.000	-0.698	21.439
5549347976.000	-0.693	21.389
5549348392.000	-0.689	21.368
5549348808.000	-0.682	21.334
5549349224.000	-0.673	21.306
5549349640.000	-0.674	21.275
5549350056.000	-0.669	21.256
5549350472.000	-0.663	21.207
5549350888.000	-0.654	21.167
5549351304.000	-0.650	21.163
5549351720.000	-0.641	21.122
5549352136.000	-0.636	21.084
5549352552.000	-0.631	21.048
5549352968.000	-0.626	21.026
5549353384.000	-0.624	20.991
5549353800.000	-0.618	20.979
5549354216.000	-0.611	20.945
5549354632.000	-0.606	20.914
5549355048.000	-0.602	20.852
5549355464.000	-0.594	20.850
5549355880.000	-0.592	20.809
5549356296.000	-0.584	20.777
5549356712.000	-0.579	20.736
5549357128.000	-0.575	20.707
5549357544.000	-0.568	20.705
5549357960.000	-0.563	20.657
5549358376.000	-0.561	20.629
5549358792.000	-0.550	20.598
5549359208.000	-0.547	20.583
5549359624.000	-0.543	20.539
5549360040.000	-0.539	20.514
5549360456.000	-0.531	20.481
5549360872.000	-0.525	20.471
5549361288.000	-0.524	20.414
5549361704.000	-0.516	20.407
5549362120.000	-0.510	20.370
5549362536.000	-0.506	20.328
5549362952.000	-0.502	20.288
5549363368.000	-0.498	20.278
5549363784.000	-0.491	20.242
5549364200.000	-0.485	20.221
5549364616.000	-0.482	20.172
5549365032.000	-0.476	20.162
5549365448.000	-0.472	20.127
5549365864.000	-0.470	20.111
5549366280.000	-0.462	20.085
5549366696.000	-0.456	20.045
5549367112.000	-0.452	20.022
5549367528.000	-0.447	19.977
5549367944.000	-0.444	19.978
5549368360.000	-0.442	19.931
5549368776.000	-0.435	19.905
5549369192.000	-0.428	19.868
5549369608.000	-0.423	19.847
5549370024.000	-0.417	19.808
5549370440.000	-0.416	19.802
5549370856.000	-0.410	19.758
5549371272.000	-0.405	19.735
5549371688.000	-0.401	19.705
5549372104.000	-0.398	19.688
5549372520.000	-0.390	19.630
5549372936.000	-0.384	19.631
5549373352.000	-0.382	19.581
5549373768.000	-0.376	19.582
5549374184.000	-0.375	19.555
5549374600.000	-0.367	19.506
5549375016.000	-0.364	19.481
5549375432.000	-0.362	19.464
5549375848.000	-0.355	19.430
5549376264.000	-0.351	19.401
5549376680.000	-0.348	19.379
5549377096.000	-0.342	19.351
5549377512.000	-0.337	19.315
5549377928.000	-0.336	19.325
5549378344.000	-0.330	19.256
5549378760.000	-0.323	19.249
5549379176.000	-0.321	19.202
5549379592.000	-0.314	19.181
5549380008.000	-0.309	19.177
5549380424.000	-0.309	19.126
5549380840.000	-0.303	19.102
5549381256.000	-0.298	19.083
5549381672.000	-0.295	19.060
5549382088.000	-0.286	19.022
5549382504.000	-0.285	19.001
5549382920.000	-0.283	18.975
5549383336.000	-0.276	18.965
5549383752.000	-0.275	18.924
5549384168.000	-0.268	18.905
5549384584.000	-0.264	18.871
5549385000.000	-0.265	18.846
5549385416.000	-0.255	18.801
5549385832.000	-0.252	18.795
5549386248.000	-0.247	18.766
5549386664.000	-0.246	18.738
5549387080.000	-0.242	18.699
5549387496.000	-0.236	18.684
5549387912.000	-0.232	18.668
5549388328.000	-0.228	18.641
5549388744.000	-0.224	18.616
5549389160.000	-0.221	18.580
5549389576.000	-0.217	18.577
5549389992.000	-0.212	18.526
5549390408.000	-0.208	18.508
5549390824.000	-0.207	18.492
5549391240.000	-0.198	18.462
5549391656.000	-0.197	18.441
5549392072.000	-0.190	18.400
5549392488.000	-0.187	18.384
5549392904.000	-0.183	18.364
5549393320.000	-0.180	18.319
5549393736.000	-0.177	18.313
5549394152.000	-0.173	18.277
5549394568.000	-0.169	18.257
5549394984.000	-0.163	18.224
5549395400.000	-0.161	18.212
5549395816.000	-0.157	18.192
5549396232.000	-0.153	18.155
5549396648.000	-0.148	18.119
5549397064.000	-0.149	18.112
5549397480.000	-0.143	18.084
5549397896.000	-0.137	18.051
5549398312.000	-0.135	18.032
5549398728.000	-0.130	17.998
5549399144.000	-0.130	17.986
5549399560.000	-0.121	17.973
5549399976.000	-0.124	17.942
5549400392.000	-0.118	17.930
5549400808.000	-0.116	17.892
5549401224.000	-0.110	17.875
5549401640.000	-0.105	17.826
5549402056.000	-0.102	17.809
5549402472.000	-0.099	17.795
5549402888.000	-0.094	17.766
5549403304.000	-0.092	17.754
5549403720.000	-0.087	17.736
5549404136.000	-0.084	17.713
5549404552.000	-0.079	17.670
5549404968.000	-0.077	17.659
5549405384.000	-0.073	17.633
5549405800.000	-0.069	17.594
5549406216.000	-0.065	17.566
5549406632.000	-0.065	17.569
5549407048.000	-0.060	17.532
5549407464.000	-0.054	17.508
5549407880.000	-0.055	17.474
5549408296.000	-0.052	17.447
