0.000000
5.549
0.000000
0.000000
-20.000
0.0000
0.0000
0.0000
400
100
5546174096.000	2.280	55.866
5546189096.000	2.281	55.622
5546204096.000	2.282	55.384
5546219096.000	2.281	55.112
5546234096.000	2.282	54.866
5546249096.000	2.285	54.604
5546264096.000	2.284	54.372
5546279096.000	2.286	54.117
5546294096.000	2.285	53.869
5546309096.000	2.288	53.603
5546324096.000	2.287	53.357
5546339096.000	2.288	53.113
5546354096.000	2.290	52.855
5546369096.000	2.288	52.595
5546384096.000	2.290	52.353
5546399096.000	2.291	52.089
5546414096.000	2.292	51.842
5546429096.000	2.292	51.585
5546444096.000	2.292	51.336
5546459096.000	2.293	51.068
5546474096.000	2.295	50.820
5546489096.000	2.296	50.571
5546504096.000	2.295	50.309
5546519096.000	2.297	50.066
5546534096.000	2.298	49.810
5546549096.000	2.297	49.556
5546564096.000	2.299	49.300
5546579096.000	2.300	49.035
5546594096.000	2.301	48.786
5546609096.000	2.300	48.533
5546624096.000	2.305	48.271
5546639096.000	2.301	48.034
5546654096.000	2.306	47.770
5546669096.000	2.306	47.508
5546684096.000	2.307	47.261
5546699096.000	2.308	46.998
5546714096.000	2.311	46.737
5546729096.000	2.310	46.492
5546744096.000	2.310	46.227
5546759096.000	2.312	45.978
5546774096.000	2.313	45.717
5546789096.000	2.314	45.473
5546804096.000	2.314	45.211
5546819096.000	2.316	44.971
5546834096.000	2.317	44.693
5546849096.000	2.319	44.434
5546864096.000	2.321	44.187
5546879096.000	2.322	43.938
5546894096.000	2.322	43.666
5546909096.000	2.325	43.419
5546924096.000	2.324	43.146
5546939096.000	2.327	42.905
5546954096.000	2.328	42.638
5546969096.000	2.329	42.388
5546984096.000	2.331	42.130
5546999096.000	2.330	41.876
5547014096.000	2.335	41.609
5547029096.000	2.335	41.342
5547044096.000	2.334	41.091
5547059096.000	2.338	40.837
5547074096.000	2.340	40.577
5547089096.000	2.341	40.313
5547104096.000	2.341	40.046
5547119096.000	2.344	39.791
5547134096.000	2.346	39.539
5547149096.000	2.347	39.265
5547164096.000	2.349	39.012
5547179096.000	2.350	38.745
5547194096.000	2.351	38.491
5547209096.000	2.353	38.223
5547224096.000	2.356	37.976
5547239096.000	2.355	37.707
5547254096.000	2.359	37.436
5547269096.000	2.361	37.186
5547284096.000	2.362	36.931
5547299096.000	2.364	36.656
5547314096.000	2.369	36.398
5547329096.000	2.370	36.138
5547344096.000	2.370	35.858
5547359096.000	2.375	35.584
5547374096.000	2.375	35.326
5547389096.000	2.376	35.064
5547404096.000	2.379	34.807
5547419096.000	2.383	34.529
5547434096.000	2.385	34.265
5547449096.000	2.386	34.003
5547464096.000	2.388	33.735
5547479096.000	2.391	33.473
5547494096.000	2.392	33.195
5547509096.000	2.397	32.920
5547524096.000	2.398	32.662
5547539096.000	2.401	32.388
5547554096.000	2.403	32.114
5547569096.000	2.406	31.848
5547584096.000	2.407	31.570
5547599096.000	2.412	31.311
5547614096.000	2.417	31.029
5547629096.000	2.418	30.767
5547644096.000	2.420	30.489
5547659096.000	2.425	30.209
5547674096.000	2.428	29.935
5547689096.000	2.430	29.657
5547704096.000	2.433	29.390
5547719096.000	2.436	29.112
5547734096.000	2.440	28.830
5547749096.000	2.444	28.541
5547764096.000	2.445	28.286
5547779096.000	2.449	27.992
5547794096.000	2.454	27.729
5547809096.000	2.458	27.427
5547824096.000	2.461	27.151
5547839096.000	2.466	26.884
5547854096.000	2.470	26.591
5547869096.000	2.473	26.297
5547884096.000	2.478	26.013
5547899096.000	2.484	25.729
5547914096.000	2.487	25.432
5547929096.000	2.489	25.152
5547944096.000	2.495	24.856
5547959096.000	2.501	24.573
5547974096.000	2.506	24.272
5547989096.000	2.510	23.983
5548004096.000	2.516	23.693
5548019096.000	2.523	23.407
5548034096.000	2.527	23.101
5548049096.000	2.532	22.803
5548064096.000	2.538	22.499
5548079096.000	2.543	22.196
5548094096.000	2.551	21.891
5548109096.000	2.558	21.578
5548124096.000	2.565	21.281
5548139096.000	2.570	20.965
5548154096.000	2.578	20.652
5548169096.000	2.584	20.342
5548184096.000	2.593	20.026
5548199096.000	2.599	19.710
5548214096.000	2.607	19.380
5548229096.000	2.614	19.075
5548244096.000	2.624	18.741
5548259096.000	2.631	18.401
5548274096.000	2.638	18.089
5548289096.000	2.648	17.749
5548304096.000	2.659	17.406
5548319096.000	2.669	17.054
5548334096.000	2.679	16.717
5548349096.000	2.691	16.359
5548364096.000	2.698	16.009
5548379096.000	2.710	15.648
5548394096.000	2.721	15.288
5548409096.000	2.733	14.918
5548424096.000	2.745	14.541
5548439096.000	2.758	14.163
5548454096.000	2.773	13.779
5548469096.000	2.787	13.402
5548484096.000	2.801	12.989
5548499096.000	2.817	12.581
5548514096.000	2.833	12.166
5548529096.000	2.849	11.733
5548544096.000	2.867	11.301
5548559096.000	2.883	10.866
5548574096.000	2.906	10.411
5548589096.000	2.924	9.945
5548604096.000	2.946	9.457
5548619096.000	2.965	8.971
5548634096.000	2.989	8.462
5548649096.000	3.014	7.934
5548664096.000	3.040	7.394
5548679096.000	3.066	6.836
5548694096.000	3.097	6.239
5548709096.000	3.127	5.636
5548724096.000	3.155	4.982
5548739096.000	3.191	4.321
5548754096.000	3.228	3.621
5548769096.000	3.265	2.867
5548784096.000	3.307	2.071
5548799096.000	3.347	1.226
5548814096.000	3.394	0.336
5548829096.000	3.441	-0.628
5548844096.000	3.494	-1.670
5548859096.000	3.549	-2.798
5548874096.000	3.606	-4.012
5548889096.000	3.669	-5.373
5548904096.000	3.734	-6.887
5548919096.000	3.802	-8.552
5548934096.000	3.873	-10.421
5548949096.000	3.946	-12.576
5548964096.000	4.016	-15.025
5548979096.000	4.080	-17.857
5548994096.000	4.132	-21.189
5549009096.000	4.158	-25.143
5549024096.000	4.139	-29.864
5549039096.000	4.041	-35.545
5549054096.000	3.810	-42.357
5549069096.000	3.366	-50.500
5549084096.000	2.578	-60.011
5549099096.000	1.280	-70.693
5549114096.000	-0.748	-81.961
5549129096.000	-3.811	-92.801
5549144096.000	-8.618	-101.797
5549159096.000	-17.933	-103.867
5549174096.000	-21.466	41.029
5549189096.000	-12.063	45.855
5549204096.000	-8.325	42.704
5549219096.000	-6.186	39.344
5549234096.000	-4.747	36.218
5549249096.000	-3.739	33.514
5549264096.000	-2.975	31.160
5549279096.000	-2.385	29.069
5549294096.000	-1.916	27.251
5549309096.000	-1.532	25.593
5549324096.000	-1.213	24.137
5549339096.000	-0.945	22.811
5549354096.000	-0.717	21.591
5549369096.000	-0.520	20.482
5549384096.000	-0.347	19.432
5549399096.000	-0.197	18.486
5549414096.000	-0.064	17.596
5549429096.000	0.055	16.787
5549444096.000	0.162	16.002
5549459096.000	0.257	15.253
5549474096.000	0.346	14.558
5549489096.000	0.425	13.893
5549504096.000	0.495	13.248
5549519096.000	0.561	12.638
5549534096.000	0.621	12.065
5549549096.000	0.675	11.506
5549564096.000	0.730	10.961
5549579096.000	0.776	10.442
5549594096.000	0.821	9.945
5549609096.000	0.865	9.436
5549624096.000	0.905	8.956
5549639096.000	0.939	8.517
5549654096.000	0.973	8.050
5549669096.000	1.005	7.602
5549684096.000	1.037	7.173
5549699096.000	1.064	6.737
5549714096.000	1.093	6.348
5549729096.000	1.118	5.932
5549744096.000	1.141	5.551
5549759096.000	1.164	5.143
5549774096.000	1.186	4.760
5549789096.000	1.207	4.376
5549804096.000	1.226	3.999
5549819096.000	1.246	3.633
5549834096.000	1.265	3.277
5549849096.000	1.280	2.918
5549864096.000	1.298	2.569
5549879096.000	1.314	2.213
5549894096.000	1.328	1.860
5549909096.000	1.343	1.533
5549924096.000	1.357	1.192
5549939096.000	1.369	0.861
5549954096.000	1.383	0.534
5549969096.000	1.394	0.207
5549984096.000	1.406	-0.118
5549999096.000	1.418	-0.455
5550014096.000	1.427	-0.786
5550029096.000	1.440	-1.088
5550044096.000	1.451	-1.410
5550059096.000	1.459	-1.716
5550074096.000	1.470	-2.030
5550089096.000	1.480	-2.337
5550104096.000	1.489	-2.651
5550119096.000	1.496	-2.946
5550134096.000	1.504	-3.252
5550149096.000	1.512	-3.562
5550164096.000	1.520	-3.855
5550179096.000	1.527	-4.167
5550194096.000	1.535	-4.440
5550209096.000	1.543	-4.737
5550224096.000	1.550	-5.040
5550239096.000	1.555	-5.322
5550254096.000	1.562	-5.633
5550269096.000	1.568	-5.917
5550284096.000	1.576	-6.199
5550299096.000	1.582	-6.490
5550314096.000	1.587	-6.776
5550329096.000	1.592	-7.069
5550344096.000	1.600	-7.354
5550359096.000	1.602	-7.634
5550374096.000	1.609	-7.906
5550389096.000	1.615	-8.194
5550404096.000	1.618	-8.483
5550419096.000	1.624	-8.757
5550434096.000	1.626	-9.030
5550449096.000	1.632	-9.315
5550464096.000	1.637	-9.588
5550479096.000	1.640	-9.860
5550494096.000	1.645	-10.149
5550509096.000	1.651	-10.423
5550524096.000	1.655	-10.686
5550539096.000	1.657	-10.982
5550554096.000	1.659	-11.249
5550569096.000	1.664	-11.525
5550584096.000	1.669	-11.784
5550599096.000	1.673	-12.074
5550614096.000	1.675	-12.338
5550629096.000	1.679	-12.603
5550644096.000	1.683	-12.886
5550659096.000	1.687	-13.146
5550674096.000	1.689	-13.412
5550689096.000	1.693	-13.680
5550704096.000	1.697	-13.953
5550719096.000	1.700	-14.223
5550734096.000	1.703	-14.481
5550749096.000	1.706	-14.754
5550764096.000	1.710	-15.025
5550779096.000	1.710	-15.288
5550794096.000	1.716	-15.552
5550809096.000	1.715	-15.813
5550824096.000	1.718	-16.076
5550839096.000	1.721	-16.338
5550854096.000	1.724	-16.606
5550869096.000	1.725	-16.877
5550884096.000	1.730	-17.136
5550899096.000	1.730	-17.405
5550914096.000	1.734	-17.675
5550929096.000	1.735	-17.929
5550944096.000	1.737	-18.181
5550959096.000	1.741	-18.440
5550974096.000	1.743	-18.720
5550989096.000	1.745	-18.978
5551004096.000	1.746	-19.240
5551019096.000	1.751	-19.490
5551034096.000	1.751	-19.763
5551049096.000	1.753	-20.003
5551064096.000	1.753	-20.281
5551079096.000	1.756	-20.542
5551094096.000	1.758	-20.787
5551109096.000	1.761	-21.051
5551124096.000	1.764	-21.326
5551139096.000	1.763	-21.574
5551154096.000	1.767	-21.824
5551169096.000	1.766	-22.084
5551184096.000	1.767	-22.340
5551199096.000	1.771	-22.615
5551214096.000	1.772	-22.869
5551229096.000	1.772	-23.128
5551244096.000	1.777	-23.365
5551259096.000	1.778	-23.635
5551274096.000	1.780	-23.890
5551289096.000	1.782	-24.145
5551304096.000	1.783	-24.407
5551319096.000	1.784	-24.668
5551334096.000	1.786	-24.905
5551349096.000	1.788	-25.174
5551364096.000	1.787	-25.425
5551379096.000	1.790	-25.674
5551394096.000	1.791	-25.949
5551409096.000	1.791	-26.194
5551424096.000	1.794	-26.449
5551439096.000	1.795	-26.703
5551454096.000	1.795	-26.962
5551469096.000	1.798	-27.222
5551484096.000	1.798	-27.457
5551499096.000	1.800	-27.727
5551514096.000	1.801	-27.991
5551529096.000	1.803	-28.239
5551544096.000	1.805	-28.483
5551559096.000	1.803	-28.739
5551574096.000	1.808	-28.994
5551589096.000	1.808	-29.252
5551604096.000	1.808	-29.497
5551619096.000	1.810	-29.759
5551634096.000	1.812	-29.996
5551649096.000	1.812	-30.276
5551664096.000	1.813	-30.510
5551679096.000	1.814	-30.774
5551694096.000	1.817	-31.028
5551709096.000	1.814	-31.282
5551724096.000	1.818	-31.525
5551739096.000	1.817	-31.791
5551754096.000	1.819	-32.039
5551769096.000	1.819	-32.289
5551784096.000	1.819	-32.543
5551799096.000	1.821	-32.802
5551814096.000	1.822	-33.044
5551829096.000	1.821	-33.299
5551844096.000	1.823	-33.546
5551859096.000	1.822	-33.795
5551874096.000	1.826	-34.041
5551889096.000	1.827	-34.293
5551904096.000	1.825	-34.553
5551919096.000	1.828	-34.812
5551934096.000	1.829	-35.046
5551949096.000	1.831	-35.288
5551964096.000	1.831	-35.559
5551979096.000	1.832	-35.821
5551994096.000	1.830	-36.061
5552009096.000	1.833	-36.329
5552024096.000	1.834	-36.568
5552039096.000	1.835	-36.814
5552054096.000	1.837	-37.052
5552069096.000	1.839	-37.320
5552084096.000	1.837	-37.564
5552099096.000	1.836	-37.817
5552114096.000	1.841	-38.078
5552129096.000	1.838	-38.322
5552144096.000	1.840	-38.571
5552159096.000	1.841	-38.812
