0.000000
6.441
0.000000
0.000000
-20.000
0.0000
0.0000
0.0000
1200
100
6441091158.000	2.452	-171.805
6441091191.000	2.497	-172.532
6441091224.000	2.487	-172.247
6441091257.000	2.490	-172.379
6441091290.000	2.492	-172.340
6441091323.000	2.487	-172.402
6441091356.000	2.488	-172.424
6441091389.000	2.493	-172.403
6441091422.000	2.482	-172.398
6441091455.000	2.484	-172.449
6441091488.000	2.486	-172.451
6441091521.000	2.490	-172.532
6441091554.000	2.471	-172.513
6441091587.000	2.484	-172.526
6441091620.000	2.479	-172.511
6441091653.000	2.482	-172.583
6441091686.000	2.478	-172.615
6441091719.000	2.473	-172.635
6441091752.000	2.487	-172.613
6441091785.000	2.465	-172.648
6441091818.000	2.469	-172.758
6441091851.000	2.483	-172.645
6441091884.000	2.469	-172.762
6441091917.000	2.472	-172.741
6441091950.000	2.466	-172.806
6441091983.000	2.472	-172.799
6441092016.000	2.459	-172.840
6441092049.000	2.472	-172.789
6441092082.000	2.458	-172.895
6441092115.000	2.465	-172.867
6441092148.000	2.467	-172.928
6441092181.000	2.459	-172.934
6441092214.000	2.458	-172.993
6441092247.000	2.464	-172.949
6441092280.000	2.453	-173.034
6441092313.000	2.457	-173.032
6441092346.000	2.460	-172.999
6441092379.000	2.454	-173.105
6441092412.000	2.460	-173.062
6441092445.000	2.449	-173.096
6441092478.000	2.452	-173.175
6441092511.000	2.449	-173.153
6441092544.000	2.444	-173.225
6441092577.000	2.453	-173.153
6441092610.000	2.444	-173.245
6441092643.000	2.449	-173.299
6441092676.000	2.446	-173.245
6441092709.000	2.437	-173.383
6441092742.000	2.453	-173.227
6441092775.000	2.427	-173.393
6441092808.000	2.437	-173.405
6441092841.000	2.447	-173.400
6441092874.000	2.432	-173.407
6441092907.000	2.441	-173.423
6441092940.000	2.430	-173.445
6441092973.000	2.433	-173.536
6441093006.000	2.438	-173.456
6441093039.000	2.430	-173.548
6441093072.000	2.434	-173.550
6441093105.000	2.425	-173.559
6441093138.000	2.431	-173.628
6441093171.000	2.422	-173.614
6441093204.000	2.420	-173.663
6441093237.000	2.427	-173.655
6441093270.000	2.413	-173.715
6441093303.000	2.425	-173.738
6441093336.000	2.412	-173.733
6441093369.000	2.425	-173.771
6441093402.000	2.406	-173.831
6441093435.000	2.422	-173.869
6441093468.000	2.415	-173.836
6441093501.000	2.406	-173.868
6441093534.000	2.407	-173.974
6441093567.000	2.414	-173.909
6441093600.000	2.397	-173.995
6441093633.000	2.416	-174.024
6441093666.000	2.401	-173.976
6441093699.000	2.404	-174.037
6441093732.000	2.402	-174.042
6441093765.000	2.404	-174.120
6441093798.000	2.404	-174.069
6441093831.000	2.388	-174.151
6441093864.000	2.401	-174.188
6441093897.000	2.389	-174.177
6441093930.000	2.397	-174.195
6441093963.000	2.392	-174.240
6441093996.000	2.385	-174.265
6441094029.000	2.389	-174.323
6441094062.000	2.385	-174.336
6441094095.000	2.390	-174.368
6441094128.000	2.379	-174.376
6441094161.000	2.378	-174.464
6441094194.000	2.389	-174.405
6441094227.000	2.372	-174.440
6441094260.000	2.375	-174.558
6441094293.000	2.383	-174.493
6441094326.000	2.366	-174.528
6441094359.000	2.373	-174.619
6441094392.000	2.367	-174.583
6441094425.000	2.367	-174.631
6441094458.000	2.365	-174.674
6441094491.000	2.366	-174.648
6441094524.000	2.360	-174.764
6441094557.000	2.364	-174.740
6441094590.000	2.362	-174.806
6441094623.000	2.356	-174.787
6441094656.000	2.360	-174.875
6441094689.000	2.359	-174.834
6441094722.000	2.342	-174.927
6441094755.000	2.358	-174.932
6441094788.000	2.354	-174.902
6441094821.000	2.343	-175.010
6441094854.000	2.350	-174.960
6441094887.000	2.343	-175.081
6441094920.000	2.337	-175.068
6441094953.000	2.342	-175.134
6441094986.000	2.344	-175.119
6441095019.000	2.331	-175.153
6441095052.000	2.341	-175.206
6441095085.000	2.329	-175.180
6441095118.000	2.336	-175.253
6441095151.000	2.328	-175.271
6441095184.000	2.321	-175.339
6441095217.000	2.334	-175.333
6441095250.000	2.324	-175.369
6441095283.000	2.310	-175.398
6441095316.000	2.321	-175.511
6441095349.000	2.311	-175.448
6441095382.000	2.328	-175.485
6441095415.000	2.307	-175.485
6441095448.000	2.312	-175.609
6441095481.000	2.315	-175.599
6441095514.000	2.298	-175.583
6441095547.000	2.302	-175.702
6441095580.000	2.312	-175.703
6441095613.000	2.300	-175.665
6441095646.000	2.288	-175.763
6441095679.000	2.300	-175.779
6441095712.000	2.292	-175.840
6441095745.000	2.294	-175.852
6441095778.000	2.287	-175.826
6441095811.000	2.283	-175.980
6441095844.000	2.296	-175.900
6441095877.000	2.279	-175.963
6441095910.000	2.273	-176.011
6441095943.000	2.270	-176.054
6441095976.000	2.287	-176.096
6441096009.000	2.275	-176.083
6441096042.000	2.273	-176.091
6441096075.000	2.268	-176.200
6441096108.000	2.271	-176.232
6441096141.000	2.271	-176.207
6441096174.000	2.259	-176.288
6441096207.000	2.273	-176.294
6441096240.000	2.252	-176.304
6441096273.000	2.256	-176.405
6441096306.000	2.255	-176.406
6441096339.000	2.249	-176.426
6441096372.000	2.244	-176.473
6441096405.000	2.246	-176.486
6441096438.000	2.248	-176.532
6441096471.000	2.237	-176.520
6441096504.000	2.240	-176.637
6441096537.000	2.242	-176.586
6441096570.000	2.225	-176.681
6441096603.000	2.244	-176.746
6441096636.000	2.232	-176.711
6441096669.000	2.222	-176.780
6441096702.000	2.228	-176.851
6441096735.000	2.224	-176.819
6441096768.000	2.220	-176.880
6441096801.000	2.223	-176.887
6441096834.000	2.209	-176.967
6441096867.000	2.214	-177.033
6441096900.000	2.210	-177.039
6441096933.000	2.212	-177.080
6441096966.000	2.208	-177.103
6441096999.000	2.198	-177.141
6441097032.000	2.199	-177.172
6441097065.000	2.194	-177.258
6441097098.000	2.197	-177.228
6441097131.000	2.188	-177.271
6441097164.000	2.177	-177.388
6441097197.000	2.195	-177.366
6441097230.000	2.166	-177.417
6441097263.000	2.181	-177.491
6441097296.000	2.172	-177.423
6441097329.000	2.173	-177.527
6441097362.000	2.178	-177.578
6441097395.000	2.166	-177.553
6441097428.000	2.163	-177.632
6441097461.000	2.164	-177.651
6441097494.000	2.162	-177.776
6441097527.000	2.150	-177.772
6441097560.000	2.147	-177.817
6441097593.000	2.158	-177.857
6441097626.000	2.146	-177.835
6441097659.000	2.136	-177.951
6441097692.000	2.140	-177.993
6441097725.000	2.136	-177.956
6441097758.000	2.135	-178.091
6441097791.000	2.129	-178.075
6441097824.000	2.125	-178.156
6441097857.000	2.127	-178.185
6441097890.000	2.116	-178.175
6441097923.000	2.126	-178.220
6441097956.000	2.100	-178.292
6441097989.000	2.115	-178.340
6441098022.000	2.101	-178.385
6441098055.000	2.108	-178.447
6441098088.000	2.097	-178.407
6441098121.000	2.102	-178.513
6441098154.000	2.086	-178.557
6441098187.000	2.085	-178.567
6441098220.000	2.094	-178.616
6441098253.000	2.083	-178.649
6441098286.000	2.081	-178.682
6441098319.000	2.077	-178.745
6441098352.000	2.078	-178.786
6441098385.000	2.060	-178.789
6441098418.000	2.071	-178.916
6441098451.000	2.072	-178.851
6441098484.000	2.053	-178.989
6441098517.000	2.056	-179.053
6441098550.000	2.049	-179.048
6441098583.000	2.049	-179.061
6441098616.000	2.045	-179.134
6441098649.000	2.054	-179.181
6441098682.000	2.023	-179.235
6441098715.000	2.028	-179.326
6441098748.000	2.033	-179.310
6441098781.000	2.016	-179.410
6441098814.000	2.024	-179.410
6441098847.000	2.021	-179.419
6441098880.000	2.011	-179.486
6441098913.000	1.989	-179.621
6441098946.000	2.017	-179.591
6441098979.000	1.997	-179.642
6441099012.000	2.001	-179.710
6441099045.000	2.003	-179.704
6441099078.000	1.985	-179.720
6441099111.000	1.976	-179.840
6441099144.000	1.977	-179.925
6441099177.000	1.975	-179.933
6441099210.000	1.970	-179.920
6441099243.000	1.966	-180.005
6441099276.000	1.957	-180.093
6441099309.000	1.946	-180.152
6441099342.000	1.968	-180.167
6441099375.000	1.940	-180.199
6441099408.000	1.924	-180.368
6441099441.000	1.942	-180.355
6441099474.000	1.939	-180.388
6441099507.000	1.942	-180.356
6441099540.000	1.912	-180.505
6441099573.000	1.914	-180.550
6441099606.000	1.919	-180.584
6441099639.000	1.916	-180.554
6441099672.000	1.902	-180.644
6441099705.000	1.882	-180.786
6441099738.000	1.887	-180.851
6441099771.000	1.898	-180.864
6441099804.000	1.881	-180.852
6441099837.000	1.878	-180.958
6441099870.000	1.881	-180.992
6441099903.000	1.857	-181.028
6441099936.000	1.859	-181.159
6441099969.000	1.867	-181.157
6441100002.000	1.854	-181.190
6441100035.000	1.833	-181.267
6441100068.000	1.837	-181.431
6441100101.000	1.850	-181.377
6441100134.000	1.829	-181.388
6441100167.000	1.815	-181.513
6441100200.000	1.823	-181.600
6441100233.000	1.809	-181.609
6441100266.000	1.805	-181.637
6441100299.000	1.793	-181.778
6441100332.000	1.807	-181.804
6441100365.000	1.792	-181.794
6441100398.000	1.773	-181.899
6441100431.000	1.774	-182.015
6441100464.000	1.777	-182.048
6441100497.000	1.766	-182.093
6441100530.000	1.763	-182.165
6441100563.000	1.745	-182.229
6441100596.000	1.755	-182.229
6441100629.000	1.736	-182.294
6441100662.000	1.717	-182.400
6441100695.000	1.730	-182.446
6441100728.000	1.725	-182.516
6441100761.000	1.721	-182.491
6441100794.000	1.714	-182.583
6441100827.000	1.691	-182.626
6441100860.000	1.699	-182.710
6441100893.000	1.702	-182.690
6441100926.000	1.665	-182.852
6441100959.000	1.664	-182.983
6441100992.000	1.668	-182.979
6441101025.000	1.668	-183.030
6441101058.000	1.652	-183.056
6441101091.000	1.648	-183.158
6441101124.000	1.633	-183.201
6441101157.000	1.638	-183.292
6441101190.000	1.641	-183.303
6441101223.000	1.617	-183.347
6441101256.000	1.609	-183.478
6441101289.000	1.607	-183.492
6441101322.000	1.603	-183.587
6441101355.000	1.587	-183.656
6441101388.000	1.583	-183.717
6441101421.000	1.582	-183.700
6441101454.000	1.563	-183.824
6441101487.000	1.556	-183.920
6441101520.000	1.554	-183.973
6441101553.000	1.555	-184.003
6441101586.000	1.527	-184.062
6441101619.000	1.536	-184.161
6441101652.000	1.523	-184.222
6441101685.000	1.509	-184.273
6441101718.000	1.515	-184.333
6441101751.000	1.487	-184.413
6441101784.000	1.481	-184.495
6441101817.000	1.500	-184.506
6441101850.000	1.471	-184.577
6441101883.000	1.483	-184.652
6441101916.000	1.447	-184.708
6441101949.000	1.448	-184.824
6441101982.000	1.444	-184.811
6441102015.000	1.424	-184.923
6441102048.000	1.429	-185.003
6441102081.000	1.401	-185.035
6441102114.000	1.398	-185.161
6441102147.000	1.401	-185.218
6441102180.000	1.402	-185.235
6441102213.000	1.384	-185.290
6441102246.000	1.355	-185.432
6441102279.000	1.364	-185.488
6441102312.000	1.352	-185.549
6441102345.000	1.343	-185.557
6441102378.000	1.325	-185.715
6441102411.000	1.322	-185.760
6441102444.000	1.297	-185.873
6441102477.000	1.294	-185.959
6441102510.000	1.296	-185.961
6441102543.000	1.270	-186.050
6441102576.000	1.275	-186.160
6441102609.000	1.254	-186.210
6441102642.000	1.261	-186.278
6441102675.000	1.224	-186.314
6441102708.000	1.216	-186.498
6441102741.000	1.220	-186.526
6441102774.000	1.205	-186.575
6441102807.000	1.188	-186.664
6441102840.000	1.205	-186.732
6441102873.000	1.161	-186.723
6441102906.000	1.152	-186.904
6441102939.000	1.170	-186.964
6441102972.000	1.142	-187.046
6441103005.000	1.133	-187.090
6441103038.000	1.124	-187.175
6441103071.000	1.111	-187.217
6441103104.000	1.082	-187.327
6441103137.000	1.074	-187.480
6441103170.000	1.075	-187.465
6441103203.000	1.056	-187.594
6441103236.000	1.038	-187.678
6441103269.000	1.038	-187.738
6441103302.000	1.016	-187.835
6441103335.000	1.012	-187.893
6441103368.000	0.987	-187.958
6441103401.000	0.983	-188.086
6441103434.000	0.962	-188.157
6441103467.000	0.958	-188.231
6441103500.000	0.934	-188.280
6441103533.000	0.942	-188.382
6441103566.000	0.917	-188.407
6441103599.000	0.902	-188.513
6441103632.000	0.889	-188.623
6441103665.000	0.866	-188.718
6441103698.000	0.827	-188.892
6441103731.000	0.855	-188.950
6441103764.000	0.837	-188.946
6441103797.000	0.804	-189.020
6441103830.000	0.797	-189.168
6441103863.000	0.783	-189.264
6441103896.000	0.767	-189.305
6441103929.000	0.753	-189.388
6441103962.000	0.736	-189.497
6441103995.000	0.723	-189.582
6441104028.000	0.711	-189.657
6441104061.000	0.689	-189.755
6441104094.000	0.667	-189.799
6441104127.000	0.644	-189.964
6441104160.000	0.668	-190.009
6441104193.000	0.621	-190.072
6441104226.000	0.620	-190.161
6441104259.000	0.594	-190.226
6441104292.000	0.570	-190.370
6441104325.000	0.534	-190.480
6441104358.000	0.548	-190.543
6441104391.000	0.540	-190.591
6441104424.000	0.486	-190.714
6441104457.000	0.482	-190.812
6441104490.000	0.471	-190.926
6441104523.000	0.455	-190.978
6441104556.000	0.437	-191.064
6441104589.000	0.419	-191.173
6441104622.000	0.374	-191.244
6441104655.000	0.380	-191.346
6441104688.000	0.341	-191.436
6441104721.000	0.357	-191.550
6441104754.000	0.326	-191.565
6441104787.000	0.287	-191.694
6441104820.000	0.255	-191.850
6441104853.000	0.265	-191.906
6441104886.000	0.228	-192.033
6441104919.000	0.193	-192.134
6441104952.000	0.211	-192.179
6441104985.000	0.170	-192.277
6441105018.000	0.169	-192.394
6441105051.000	0.128	-192.439
6441105084.000	0.111	-192.531
6441105117.000	0.086	-192.625
6441105150.000	0.047	-192.665
6441105183.000	0.039	-192.857
6441105216.000	0.026	-192.933
6441105249.000	0.011	-192.961
6441105282.000	-0.012	-193.068
6441105315.000	-0.074	-193.169
6441105348.000	-0.038	-193.293
6441105381.000	-0.079	-193.298
6441105414.000	-0.138	-193.462
6441105447.000	-0.150	-193.616
6441105480.000	-0.151	-193.671
6441105513.000	-0.187	-193.737
6441105546.000	-0.195	-193.783
6441105579.000	-0.243	-193.914
6441105612.000	-0.258	-194.020
6441105645.000	-0.304	-194.114
6441105678.000	-0.329	-194.225
6441105711.000	-0.360	-194.333
6441105744.000	-0.349	-194.421
6441105777.000	-0.419	-194.447
6441105810.000	-0.410	-194.584
6441105843.000	-0.467	-194.608
6441105876.000	-0.477	-194.790
6441105909.000	-0.505	-194.840
6441105942.000	-0.554	-194.939
6441105975.000	-0.574	-195.006
6441106008.000	-0.592	-195.129
6441106041.000	-0.628	-195.192
6441106074.000	-0.656	-195.291
6441106107.000	-0.694	-195.383
6441106140.000	-0.732	-195.481
6441106173.000	-0.774	-195.578
6441106206.000	-0.785	-195.711
6441106239.000	-0.833	-195.784
6441106272.000	-0.876	-195.866
6441106305.000	-0.869	-196.032
6441106338.000	-0.907	-196.051
6441106371.000	-0.944	-196.132
6441106404.000	-0.996	-196.198
6441106437.000	-1.045	-196.318
6441106470.000	-1.064	-196.430
6441106503.000	-1.112	-196.499
6441106536.000	-1.150	-196.605
6441106569.000	-1.149	-196.702
6441106602.000	-1.196	-196.751
6441106635.000	-1.252	-196.829
6441106668.000	-1.304	-196.926
6441106701.000	-1.293	-197.076
6441106734.000	-1.361	-197.037
6441106767.000	-1.382	-197.217
6441106800.000	-1.418	-197.254
6441106833.000	-1.489	-197.312
6441106866.000	-1.527	-197.372
6441106899.000	-1.504	-197.524
6441106932.000	-1.578	-197.484
6441106965.000	-1.664	-197.559
6441106998.000	-1.650	-197.743
6441107031.000	-1.701	-197.747
6441107064.000	-1.747	-197.825
6441107097.000	-1.788	-197.881
6441107130.000	-1.827	-198.007
6441107163.000	-1.849	-198.064
6441107196.000	-1.901	-198.016
6441107229.000	-1.984	-198.083
6441107262.000	-1.989	-198.258
6441107295.000	-2.051	-198.260
6441107328.000	-2.110	-198.328
6441107361.000	-2.075	-198.499
6441107394.000	-2.221	-198.437
6441107427.000	-2.215	-198.582
6441107460.000	-2.266	-198.632
6441107493.000	-2.360	-198.543
6441107526.000	-2.391	-198.735
6441107559.000	-2.418	-198.758
6441107592.000	-2.494	-198.746
6441107625.000	-2.535	-198.824
6441107658.000	-2.593	-198.817
6441107691.000	-2.659	-198.866
6441107724.000	-2.684	-198.974
6441107757.000	-2.724	-198.983
6441107790.000	-2.812	-198.944
6441107823.000	-2.836	-199.038
6441107856.000	-2.941	-199.017
6441107889.000	-2.900	-199.118
6441107922.000	-3.023	-199.096
6441107955.000	-3.042	-199.142
6441107988.000	-3.124	-199.121
6441108021.000	-3.185	-199.121
6441108054.000	-3.263	-199.105
6441108087.000	-3.321	-199.144
6441108120.000	-3.364	-199.179
6441108153.000	-3.454	-199.078
6441108186.000	-3.462	-199.233
6441108219.000	-3.572	-199.060
6441108252.000	-3.610	-199.160
6441108285.000	-3.694	-199.053
6441108318.000	-3.802	-198.976
6441108351.000	-3.858	-199.011
6441108384.000	-3.890	-199.078
6441108417.000	-3.985	-198.914
6441108450.000	-4.017	-198.970
6441108483.000	-4.091	-198.911
6441108516.000	-4.231	-198.653
6441108549.000	-4.280	-198.706
6441108582.000	-4.340	-198.647
6441108615.000	-4.374	-198.724
6441108648.000	-4.430	-198.585
6441108681.000	-4.522	-198.492
6441108714.000	-4.623	-198.280
6441108747.000	-4.652	-198.336
6441108780.000	-4.851	-197.879
6441108813.000	-4.843	-198.093
6441108846.000	-4.923	-197.921
6441108879.000	-4.970	-197.865
6441108912.000	-5.048	-197.706
6441108945.000	-5.137	-197.399
6441108978.000	-5.247	-197.309
6441109011.000	-5.324	-197.224
6441109044.000	-5.446	-196.809
6441109077.000	-5.538	-196.597
6441109110.000	-5.556	-196.676
6441109143.000	-5.696	-196.255
6441109176.000	-5.777	-196.071
6441109209.000	-5.863	-195.879
6441109242.000	-5.916	-195.722
6441109275.000	-6.007	-195.437
6441109308.000	-6.111	-195.043
6441109341.000	-6.244	-194.641
6441109374.000	-6.289	-194.612
6441109407.000	-6.342	-194.390
6441109440.000	-6.422	-194.099
6441109473.000	-6.532	-193.668
6441109506.000	-6.632	-193.296
6441109539.000	-6.726	-192.932
6441109572.000	-6.826	-192.433
6441109605.000	-6.896	-192.260
6441109638.000	-6.977	-191.896
6441109671.000	-7.119	-191.120
6441109704.000	-7.196	-190.795
6441109737.000	-7.262	-190.564
6441109770.000	-7.374	-189.801
6441109803.000	-7.432	-189.558
6441109836.000	-7.508	-189.142
6441109869.000	-7.540	-189.056
6441109902.000	-7.682	-188.064
6441109935.000	-7.801	-187.301
6441109968.000	-7.916	-186.495
6441110001.000	-7.896	-186.785
6441110034.000	-8.025	-185.702
6441110067.000	-8.110	-185.163
6441110100.000	-8.178	-184.495
6441110133.000	-8.285	-183.628
6441110166.000	-8.338	-183.127
6441110199.000	-8.451	-182.099
6441110232.000	-8.547	-181.280
6441110265.000	-8.569	-181.074
6441110298.000	-8.648	-180.202
6441110331.000	-8.760	-178.969
6441110364.000	-8.802	-178.292
6441110397.000	-8.864	-177.583
6441110430.000	-8.916	-176.749
6441110463.000	-8.983	-175.869
6441110496.000	-9.045	-174.846
6441110529.000	-9.115	-173.710
6441110562.000	-9.158	-172.796
6441110595.000	-9.193	-171.888
6441110628.000	-9.249	-170.687
6441110661.000	-9.255	-170.351
6441110694.000	-9.294	-169.327
6441110727.000	-9.319	-168.292
6441110760.000	-9.352	-167.156
6441110793.000	-9.358	-166.412
6441110826.000	-9.389	-164.977
6441110859.000	-9.404	-164.102
6441110892.000	-9.414	-163.199
6441110925.000	-9.408	-161.899
6441110958.000	-9.413	-161.028
6441110991.000	-9.401	-159.788
6441111024.000	-9.390	-159.725
6441111057.000	-9.380	-158.574
6441111090.000	-9.355	-156.498
6441111123.000	-9.335	-156.221
6441111156.000	-9.310	-155.300
6441111189.000	-9.281	-154.567
6441111222.000	-9.223	-152.916
6441111255.000	-9.183	-152.030
6441111288.000	-9.149	-151.328
6441111321.000	-9.088	-150.355
6441111354.000	-9.025	-149.096
6441111387.000	-8.985	-148.413
6441111420.000	-8.926	-147.697
6441111453.000	-8.872	-146.981
6441111486.000	-8.797	-145.963
6441111519.000	-8.747	-145.293
6441111552.000	-8.681	-144.596
6441111585.000	-8.576	-143.342
6441111618.000	-8.498	-142.659
6441111651.000	-8.420	-141.738
6441111684.000	-8.338	-141.275
6441111717.000	-8.290	-140.615
6441111750.000	-8.189	-139.751
6441111783.000	-8.070	-138.833
6441111816.000	-8.020	-138.492
6441111849.000	-7.891	-137.421
6441111882.000	-7.838	-137.249
6441111915.000	-7.736	-136.537
6441111948.000	-7.658	-136.025
6441111981.000	-7.558	-135.555
6441112014.000	-7.439	-134.678
6441112047.000	-7.358	-134.452
6441112080.000	-7.248	-133.855
6441112113.000	-7.207	-133.652
6441112146.000	-7.093	-133.031
6441112179.000	-6.973	-132.604
6441112212.000	-6.922	-132.304
6441112245.000	-6.801	-131.743
6441112278.000	-6.707	-131.359
6441112311.000	-6.668	-131.248
6441112344.000	-6.520	-130.566
6441112377.000	-6.477	-130.537
6441112410.000	-6.394	-130.221
6441112443.000	-6.282	-129.676
6441112476.000	-6.158	-129.365
6441112509.000	-6.059	-129.087
6441112542.000	-6.002	-129.051
6441112575.000	-5.935	-128.760
6441112608.000	-5.892	-128.654
6441112641.000	-5.734	-128.161
6441112674.000	-5.697	-128.137
6441112707.000	-5.603	-127.886
6441112740.000	-5.459	-127.379
6441112773.000	-5.407	-127.416
6441112806.000	-5.320	-127.245
6441112839.000	-5.253	-127.109
6441112872.000	-5.207	-126.982
6441112905.000	-5.096	-126.766
6441112938.000	-5.009	-126.651
6441112971.000	-4.915	-126.463
6441113004.000	-4.894	-126.510
6441113037.000	-4.749	-126.157
6441113070.000	-4.755	-126.402
6441113103.000	-4.611	-125.964
6441113136.000	-4.535	-125.918
6441113169.000	-4.463	-125.870
6441113202.000	-4.396	-125.807
6441113235.000	-4.334	-125.806
6441113268.000	-4.238	-125.542
6441113301.000	-4.181	-125.586
6441113334.000	-4.075	-125.425
6441113367.000	-4.048	-125.564
6441113400.000	-3.954	-125.461
6441113433.000	-3.897	-125.465
6441113466.000	-3.827	-125.345
6441113499.000	-3.748	-125.369
6441113532.000	-3.695	-125.318
6441113565.000	-3.610	-125.286
6441113598.000	-3.554	-125.323
6441113631.000	-3.488	-125.313
6441113664.000	-3.410	-125.255
6441113697.000	-3.337	-125.195
6441113730.000	-3.273	-125.302
6441113763.000	-3.249	-125.366
6441113796.000	-3.178	-125.284
6441113829.000	-3.098	-125.265
6441113862.000	-3.060	-125.321
6441113895.000	-3.000	-125.358
6441113928.000	-2.928	-125.397
6441113961.000	-2.858	-125.381
6441113994.000	-2.861	-125.532
6441114027.000	-2.800	-125.501
6441114060.000	-2.706	-125.487
6441114093.000	-2.658	-125.542
6441114126.000	-2.639	-125.647
6441114159.000	-2.582	-125.640
6441114192.000	-2.512	-125.640
6441114225.000	-2.433	-125.649
6441114258.000	-2.361	-125.754
6441114291.000	-2.367	-125.867
6441114324.000	-2.333	-125.887
6441114357.000	-2.260	-125.903
6441114390.000	-2.173	-125.952
6441114423.000	-2.176	-126.076
6441114456.000	-2.118	-126.132
6441114489.000	-2.035	-126.136
6441114522.000	-1.998	-126.193
6441114555.000	-1.952	-126.336
6441114588.000	-1.906	-126.433
6441114621.000	-1.887	-126.531
6441114654.000	-1.832	-126.487
6441114687.000	-1.812	-126.621
6441114720.000	-1.766	-126.656
6441114753.000	-1.739	-126.735
6441114786.000	-1.701	-126.784
6441114819.000	-1.663	-126.832
6441114852.000	-1.603	-126.945
6441114885.000	-1.573	-127.001
6441114918.000	-1.522	-127.067
6441114951.000	-1.478	-127.173
6441114984.000	-1.444	-127.256
6441115017.000	-1.389	-127.307
6441115050.000	-1.379	-127.452
6441115083.000	-1.334	-127.475
6441115116.000	-1.301	-127.570
6441115149.000	-1.273	-127.644
6441115182.000	-1.234	-127.666
6441115215.000	-1.186	-127.761
6441115248.000	-1.136	-127.915
6441115281.000	-1.149	-128.028
6441115314.000	-1.111	-128.004
6441115347.000	-1.033	-128.054
6441115380.000	-1.040	-128.252
6441115413.000	-1.037	-128.286
6441115446.000	-0.976	-128.277
6441115479.000	-0.945	-128.425
6441115512.000	-0.913	-128.510
6441115545.000	-0.862	-128.576
6441115578.000	-0.836	-128.695
6441115611.000	-0.808	-128.812
6441115644.000	-0.786	-128.891
6441115677.000	-0.765	-128.979
6441115710.000	-0.735	-129.007
6441115743.000	-0.696	-129.112
6441115776.000	-0.674	-129.244
6441115809.000	-0.629	-129.318
6441115842.000	-0.610	-129.387
6441115875.000	-0.565	-129.477
6441115908.000	-0.560	-129.624
6441115941.000	-0.510	-129.660
6441115974.000	-0.493	-129.805
6441116007.000	-0.462	-129.887
6441116040.000	-0.472	-129.934
6441116073.000	-0.421	-130.002
6441116106.000	-0.389	-130.113
6441116139.000	-0.378	-130.190
6441116172.000	-0.371	-130.288
6441116205.000	-0.325	-130.312
6441116238.000	-0.283	-130.411
6441116271.000	-0.277	-130.538
6441116304.000	-0.259	-130.634
6441116337.000	-0.227	-130.685
6441116370.000	-0.220	-130.782
6441116403.000	-0.176	-130.816
6441116436.000	-0.122	-130.965
6441116469.000	-0.137	-131.103
6441116502.000	-0.149	-131.159
6441116535.000	-0.091	-131.146
6441116568.000	-0.063	-131.307
6441116601.000	-0.059	-131.369
6441116634.000	-0.045	-131.450
6441116667.000	0.004	-131.508
6441116700.000	0.005	-131.672
6441116733.000	0.014	-131.709
6441116766.000	0.033	-131.739
6441116799.000	0.056	-131.877
6441116832.000	0.092	-131.916
6441116865.000	0.104	-132.065
6441116898.000	0.125	-132.103
6441116931.000	0.150	-132.167
6441116964.000	0.152	-132.275
6441116997.000	0.174	-132.363
6441117030.000	0.208	-132.425
6441117063.000	0.228	-132.521
6441117096.000	0.226	-132.601
6441117129.000	0.243	-132.700
6441117162.000	0.253	-132.757
6441117195.000	0.283	-132.779
6441117228.000	0.292	-132.930
6441117261.000	0.332	-132.964
6441117294.000	0.332	-133.090
6441117327.000	0.350	-133.189
6441117360.000	0.338	-133.176
6441117393.000	0.404	-133.237
6441117426.000	0.404	-133.412
6441117459.000	0.422	-133.480
6441117492.000	0.454	-133.530
6441117525.000	0.449	-133.644
6441117558.000	0.471	-133.694
6441117591.000	0.472	-133.792
6441117624.000	0.496	-133.870
6441117657.000	0.510	-133.938
6441117690.000	0.527	-134.013
6441117723.000	0.519	-134.016
6441117756.000	0.554	-134.092
6441117789.000	0.580	-134.211
6441117822.000	0.584	-134.344
6441117855.000	0.613	-134.409
6441117888.000	0.610	-134.524
6441117921.000	0.648	-134.522
6441117954.000	0.639	-134.670
6441117987.000	0.630	-134.672
6441118020.000	0.687	-134.744
6441118053.000	0.693	-134.855
6441118086.000	0.678	-134.934
6441118119.000	0.729	-134.959
6441118152.000	0.731	-135.098
6441118185.000	0.725	-135.150
6441118218.000	0.755	-135.223
6441118251.000	0.750	-135.262
6441118284.000	0.774	-135.326
6441118317.000	0.780	-135.410
6441118350.000	0.788	-135.445
6441118383.000	0.817	-135.510
6441118416.000	0.816	-135.614
6441118449.000	0.835	-135.690
6441118482.000	0.839	-135.772
6441118515.000	0.847	-135.818
6441118548.000	0.866	-135.868
6441118581.000	0.878	-135.943
6441118614.000	0.898	-136.004
6441118647.000	0.902	-136.105
6441118680.000	0.906	-136.181
6441118713.000	0.933	-136.247
6441118746.000	0.946	-136.343
6441118779.000	0.931	-136.400
6441118812.000	0.941	-136.416
6441118845.000	0.978	-136.469
6441118878.000	1.002	-136.657
6441118911.000	0.983	-136.666
6441118944.000	1.000	-136.725
6441118977.000	1.001	-136.795
6441119010.000	1.033	-136.824
6441119043.000	1.023	-136.926
6441119076.000	1.048	-136.958
6441119109.000	1.055	-137.063
6441119142.000	1.071	-137.144
6441119175.000	1.069	-137.235
6441119208.000	1.063	-137.227
6441119241.000	1.102	-137.274
6441119274.000	1.116	-137.415
6441119307.000	1.109	-137.483
6441119340.000	1.122	-137.512
6441119373.000	1.127	-137.569
6441119406.000	1.153	-137.594
6441119439.000	1.148	-137.739
6441119472.000	1.166	-137.768
6441119505.000	1.181	-137.863
6441119538.000	1.177	-137.925
6441119571.000	1.176	-137.943
6441119604.000	1.197	-137.974
6441119637.000	1.198	-138.002
6441119670.000	1.206	-138.122
6441119703.000	1.220	-138.175
6441119736.000	1.225	-138.268
6441119769.000	1.222	-138.256
6441119802.000	1.253	-138.312
6441119835.000	1.246	-138.413
6441119868.000	1.266	-138.488
6441119901.000	1.256	-138.533
6441119934.000	1.277	-138.501
6441119967.000	1.279	-138.650
6441120000.000	1.293	-138.696
6441120033.000	1.299	-138.753
6441120066.000	1.302	-138.821
6441120099.000	1.323	-138.887
6441120132.000	1.313	-138.901
6441120165.000	1.331	-139.006
6441120198.000	1.334	-139.031
6441120231.000	1.355	-139.073
6441120264.000	1.349	-139.154
6441120297.000	1.369	-139.223
6441120330.000	1.360	-139.251
6441120363.000	1.384	-139.288
6441120396.000	1.388	-139.388
6441120429.000	1.386	-139.442
6441120462.000	1.390	-139.434
6441120495.000	1.395	-139.453
6441120528.000	1.427	-139.586
6441120561.000	1.411	-139.683
6441120594.000	1.408	-139.649
6441120627.000	1.429	-139.733
6441120660.000	1.440	-139.740
6441120693.000	1.440	-139.815
6441120726.000	1.451	-139.881
6441120759.000	1.450	-139.931
6441120792.000	1.452	-140.013
6441120825.000	1.468	-139.966
6441120858.000	1.453	-140.062
6441120891.000	1.475	-140.062
6441120924.000	1.499	-140.242
6441120957.000	1.482	-140.248
6441120990.000	1.490	-140.234
6441121023.000	1.509	-140.303
6441121056.000	1.497	-140.389
6441121089.000	1.522	-140.382
6441121122.000	1.528	-140.508
6441121155.000	1.516	-140.545
6441121188.000	1.529	-140.562
6441121221.000	1.542	-140.664
6441121254.000	1.524	-140.653
6441121287.000	1.548	-140.621
6441121320.000	1.560	-140.740
6441121353.000	1.565	-140.833
6441121386.000	1.562	-140.850
6441121419.000	1.574	-140.893
6441121452.000	1.583	-140.994
6441121485.000	1.578	-141.007
6441121518.000	1.586	-141.021
6441121551.000	1.599	-141.107
6441121584.000	1.587	-141.093
6441121617.000	1.617	-141.170
6441121650.000	1.620	-141.334
6441121683.000	1.620	-141.321
6441121716.000	1.608	-141.281
6441121749.000	1.628	-141.318
6441121782.000	1.634	-141.427
6441121815.000	1.642	-141.468
6441121848.000	1.641	-141.540
6441121881.000	1.635	-141.516
6441121914.000	1.659	-141.551
6441121947.000	1.657	-141.691
6441121980.000	1.646	-141.632
6441122013.000	1.673	-141.702
6441122046.000	1.656	-141.770
6441122079.000	1.679	-141.752
6441122112.000	1.684	-141.834
6441122145.000	1.698	-141.923
6441122178.000	1.681	-141.985
6441122211.000	1.696	-141.917
6441122244.000	1.701	-142.016
6441122277.000	1.708	-142.112
6441122310.000	1.707	-142.110
6441122343.000	1.709	-142.078
6441122376.000	1.723	-142.214
6441122409.000	1.725	-142.248
6441122442.000	1.724	-142.302
6441122475.000	1.727	-142.257
6441122508.000	1.738	-142.307
6441122541.000	1.734	-142.420
6441122574.000	1.740	-142.434
6441122607.000	1.737	-142.461
6441122640.000	1.758	-142.522
6441122673.000	1.760	-142.541
6441122706.000	1.753	-142.614
6441122739.000	1.765	-142.629
6441122772.000	1.765	-142.666
6441122805.000	1.772	-142.694
6441122838.000	1.779	-142.762
6441122871.000	1.793	-142.818
6441122904.000	1.793	-142.886
6441122937.000	1.792	-142.903
6441122970.000	1.792	-142.920
6441123003.000	1.801	-142.937
6441123036.000	1.808	-143.013
6441123069.000	1.798	-143.071
6441123102.000	1.800	-143.025
6441123135.000	1.823	-143.096
6441123168.000	1.807	-143.158
6441123201.000	1.818	-143.154
6441123234.000	1.827	-143.219
6441123267.000	1.832	-143.320
6441123300.000	1.827	-143.294
6441123333.000	1.830	-143.320
6441123366.000	1.846	-143.395
6441123399.000	1.836	-143.407
6441123432.000	1.842	-143.356
6441123465.000	1.853	-143.473
6441123498.000	1.852	-143.521
6441123531.000	1.856	-143.530
6441123564.000	1.861	-143.563
6441123597.000	1.869	-143.672
6441123630.000	1.869	-143.673
6441123663.000	1.863	-143.723
6441123696.000	1.872	-143.674
6441123729.000	1.884	-143.814
6441123762.000	1.870	-143.818
6441123795.000	1.876	-143.781
6441123828.000	1.896	-143.851
6441123861.000	1.894	-143.978
6441123894.000	1.894	-143.893
6441123927.000	1.892	-143.972
6441123960.000	1.912	-144.029
6441123993.000	1.903	-144.051
6441124026.000	1.902	-144.063
6441124059.000	1.912	-144.118
6441124092.000	1.914	-144.147
6441124125.000	1.927	-144.207
6441124158.000	1.922	-144.253
6441124191.000	1.913	-144.220
6441124224.000	1.933	-144.307
6441124257.000	1.927	-144.345
6441124290.000	1.937	-144.335
6441124323.000	1.935	-144.419
6441124356.000	1.943	-144.412
6441124389.000	1.932	-144.467
6441124422.000	1.941	-144.458
6441124455.000	1.955	-144.557
6441124488.000	1.962	-144.580
6441124521.000	1.951	-144.593
6441124554.000	1.958	-144.628
6441124587.000	1.958	-144.628
6441124620.000	1.958	-144.687
6441124653.000	1.976	-144.684
6441124686.000	1.959	-144.716
6441124719.000	1.978	-144.757
6441124752.000	1.973	-144.880
6441124785.000	1.968	-144.791
6441124818.000	1.987	-144.861
6441124851.000	1.980	-144.910
6441124884.000	1.982	-144.925
6441124917.000	1.994	-144.950
6441124950.000	1.992	-145.003
6441124983.000	1.992	-145.032
6441125016.000	2.000	-145.019
6441125049.000	1.999	-145.055
6441125082.000	2.006	-145.117
6441125115.000	2.010	-145.151
6441125148.000	2.004	-145.154
6441125181.000	2.016	-145.219
6441125214.000	2.011	-145.284
6441125247.000	2.021	-145.244
6441125280.000	2.016	-145.305
6441125313.000	2.024	-145.346
6441125346.000	2.023	-145.329
6441125379.000	2.027	-145.377
6441125412.000	2.032	-145.442
6441125445.000	2.025	-145.425
6441125478.000	2.034	-145.468
6441125511.000	2.044	-145.495
6441125544.000	2.039	-145.545
6441125577.000	2.034	-145.572
6441125610.000	2.047	-145.547
6441125643.000	2.048	-145.633
6441125676.000	2.048	-145.682
6441125709.000	2.047	-145.646
6441125742.000	2.056	-145.699
6441125775.000	2.056	-145.737
6441125808.000	2.060	-145.766
6441125841.000	2.058	-145.814
6441125874.000	2.058	-145.800
6441125907.000	2.065	-145.812
6441125940.000	2.067	-145.869
6441125973.000	2.071	-145.937
6441126006.000	2.070	-145.930
6441126039.000	2.072	-145.924
6441126072.000	2.060	-145.951
6441126105.000	2.087	-146.053
6441126138.000	2.078	-146.024
6441126171.000	2.089	-146.060
6441126204.000	2.080	-146.120
6441126237.000	2.076	-146.036
6441126270.000	2.090	-146.141
6441126303.000	2.095	-146.166
6441126336.000	2.091	-146.206
6441126369.000	2.099	-146.215
6441126402.000	2.086	-146.231
6441126435.000	2.113	-146.254
6441126468.000	2.100	-146.316
6441126501.000	2.100	-146.328
6441126534.000	2.105	-146.362
6441126567.000	2.112	-146.336
6441126600.000	2.105	-146.426
6441126633.000	2.117	-146.411
6441126666.000	2.111	-146.499
6441126699.000	2.113	-146.433
6441126732.000	2.131	-146.534
6441126765.000	2.114	-146.545
6441126798.000	2.129	-146.557
6441126831.000	2.121	-146.558
6441126864.000	2.124	-146.588
6441126897.000	2.132	-146.657
6441126930.000	2.128	-146.613
6441126963.000	2.136	-146.691
6441126996.000	2.125	-146.699
6441127029.000	2.136	-146.712
6441127062.000	2.132	-146.761
6441127095.000	2.147	-146.768
6441127128.000	2.143	-146.823
6441127161.000	2.140	-146.844
6441127194.000	2.142	-146.821
6441127227.000	2.152	-146.903
6441127260.000	2.148	-146.875
6441127293.000	2.153	-146.962
6441127326.000	2.149	-146.911
6441127359.000	2.159	-147.004
6441127392.000	2.155	-146.984
6441127425.000	2.159	-147.026
6441127458.000	2.159	-147.054
6441127491.000	2.159	-147.029
6441127524.000	2.174	-147.096
6441127557.000	2.164	-147.194
6441127590.000	2.158	-147.085
6441127623.000	2.173	-147.170
6441127656.000	2.166	-147.214
6441127689.000	2.171	-147.120
6441127722.000	2.185	-147.319
6441127755.000	2.169	-147.261
6441127788.000	2.183	-147.308
6441127821.000	2.174	-147.284
6441127854.000	2.181	-147.349
6441127887.000	2.182	-147.351
6441127920.000	2.180	-147.364
6441127953.000	2.194	-147.373
6441127986.000	2.185	-147.487
6441128019.000	2.193	-147.416
6441128052.000	2.195	-147.506
6441128085.000	2.188	-147.494
6441128118.000	2.194	-147.516
6441128151.000	2.200	-147.567
6441128184.000	2.197	-147.545
6441128217.000	2.199	-147.591
6441128250.000	2.202	-147.630
6441128283.000	2.207	-147.615
6441128316.000	2.194	-147.593
6441128349.000	2.210	-147.679
6441128382.000	2.211	-147.711
6441128415.000	2.212	-147.716
6441128448.000	2.211	-147.727
6441128481.000	2.211	-147.751
6441128514.000	2.214	-147.784
6441128547.000	2.211	-147.774
6441128580.000	2.215	-147.829
6441128613.000	2.224	-147.826
6441128646.000	2.219	-147.887
6441128679.000	2.224	-147.903
6441128712.000	2.216	-147.904
6441128745.000	2.230	-147.920
6441128778.000	2.222	-147.946
6441128811.000	2.235	-147.973
6441128844.000	2.229	-148.069
6441128877.000	2.223	-147.933
6441128910.000	2.239	-148.077
6441128943.000	2.237	-148.019
6441128976.000	2.231	-148.078
6441129009.000	2.236	-148.125
6441129042.000	2.243	-148.108
6441129075.000	2.240	-148.112
6441129108.000	2.238	-148.199
6441129141.000	2.239	-148.134
6441129174.000	2.250	-148.257
6441129207.000	2.241	-148.191
6441129240.000	2.246	-148.251
6441129273.000	2.248	-148.264
6441129306.000	2.251	-148.250
6441129339.000	2.248	-148.343
6441129372.000	2.252	-148.285
6441129405.000	2.257	-148.385
6441129438.000	2.248	-148.328
6441129471.000	2.259	-148.379
6441129504.000	2.262	-148.356
6441129537.000	2.253	-148.440
6441129570.000	2.257	-148.423
6441129603.000	2.265	-148.425
6441129636.000	2.256	-148.499
6441129669.000	2.273	-148.483
6441129702.000	2.260	-148.519
6441129735.000	2.272	-148.513
6441129768.000	2.264	-148.544
6441129801.000	2.266	-148.566
6441129834.000	2.271	-148.576
6441129867.000	2.268	-148.637
6441129900.000	2.271	-148.604
6441129933.000	2.272	-148.648
6441129966.000	2.277	-148.637
6441129999.000	2.278	-148.739
6441130032.000	2.271	-148.623
6441130065.000	2.283	-148.768
6441130098.000	2.276	-148.682
6441130131.000	2.277	-148.741
6441130164.000	2.280	-148.811
6441130197.000	2.283	-148.768
6441130230.000	2.286	-148.843
6441130263.000	2.283	-148.786
6441130296.000	2.292	-148.869
6441130329.000	2.289	-148.865
6441130362.000	2.288	-148.884
6441130395.000	2.289	-148.912
6441130428.000	2.294	-148.888
6441130461.000	2.295	-148.964
6441130494.000	2.296	-148.939
6441130527.000	2.295	-148.993
6441130560.000	2.292	-148.998
6441130593.000	2.300	-149.000
6441130626.000	2.296	-149.005
6441130659.000	2.305	-149.066
6441130692.000	2.303	-149.044
6441130725.000	2.302	-149.041
