6107000000	4.16E+00	2.65E+01	6107000000	4.12E+00	2.52E+01	3.80E+00	2.96E+01
6107005000	4.14E+00	2.64E+01	6107001250	4.14E+00	2.50E+01	3.90E+00	2.97E+01
6107010000	4.13E+00	2.63E+01	6107002500	4.12E+00	2.53E+01	3.70E+00	2.85E+01
6107015000	4.16E+00	2.63E+01	6107003750	4.10E+00	2.53E+01	3.80E+00	2.95E+01
6107020000	4.15E+00	2.63E+01	6107005000	4.19E+00	2.51E+01	3.77E+00	2.89E+01
6107025000	4.15E+00	2.61E+01	6107006250	4.14E+00	2.52E+01	3.80E+00	2.89E+01
6107030000	4.17E+00	2.62E+01	6107007500	4.12E+00	2.52E+01	3.67E+00	2.84E+01
6107035000	4.16E+00	2.60E+01	6107008750	4.14E+00	2.49E+01	3.81E+00	2.99E+01
6107040000	4.17E+00	2.59E+01	6107010000	4.12E+00	2.45E+01	3.84E+00	2.95E+01
6107045000	4.14E+00	2.59E+01	6107011250	4.12E+00	2.52E+01	3.76E+00	2.77E+01
6107050000	4.16E+00	2.58E+01	6107012500	4.13E+00	2.50E+01	3.73E+00	2.94E+01
6107055000	4.15E+00	2.57E+01	6107013750	4.11E+00	2.52E+01	3.73E+00	2.81E+01
6107060000	4.15E+00	2.56E+01	6107015000	4.14E+00	2.50E+01	3.71E+00	2.83E+01
6107065000	4.16E+00	2.57E+01	6107016250	4.13E+00	2.51E+01	3.52E+00	2.81E+01
6107070000	4.15E+00	2.56E+01	6107017500	4.14E+00	2.47E+01	3.72E+00	2.76E+01
6107075000	4.16E+00	2.56E+01	6107018750	4.12E+00	2.51E+01	3.90E+00	2.82E+01
6107080000	4.18E+00	2.55E+01	6107020000	4.16E+00	2.49E+01	3.95E+00	3.01E+01
6107085000	4.16E+00	2.54E+01	6107021250	4.12E+00	2.48E+01	3.79E+00	2.72E+01
6107090000	4.18E+00	2.54E+01	6107022500	4.16E+00	2.51E+01	3.88E+00	2.89E+01
6107095000	4.17E+00	2.53E+01	6107023750	4.09E+00	2.48E+01	3.64E+00	2.87E+01
6107100000	4.18E+00	2.52E+01	6107025000	4.17E+00	2.48E+01	3.79E+00	2.85E+01
6107105000	4.19E+00	2.50E+01	6107026250	4.13E+00	2.47E+01	3.73E+00	2.83E+01
6107110000	4.17E+00	2.51E+01	6107027500	4.12E+00	2.47E+01	3.73E+00	2.79E+01
6107115000	4.18E+00	2.50E+01	6107028750	4.12E+00	2.51E+01	3.79E+00	2.94E+01
6107120000	4.17E+00	2.49E+01	6107030000	4.19E+00	2.48E+01	3.82E+00	2.77E+01
6107125000	4.18E+00	2.48E+01	6107031250	4.12E+00	2.49E+01	3.77E+00	2.85E+01
6107130000	4.20E+00	2.48E+01	6107032500	4.12E+00	2.49E+01	3.70E+00	2.86E+01
6107135000	4.17E+00	2.48E+01	6107033750	4.18E+00	2.48E+01	3.84E+00	2.76E+01
6107140000	4.18E+00	2.46E+01	6107035000	4.14E+00	2.50E+01	3.64E+00	2.75E+01
6107145000	4.18E+00	2.46E+01	6107036250	4.11E+00	2.48E+01	3.70E+00	2.91E+01
6107150000	4.19E+00	2.46E+01	6107037500	4.12E+00	2.47E+01	3.53E+00	2.91E+01
6107155000	4.18E+00	2.45E+01	6107038750	4.12E+00	2.49E+01	3.84E+00	2.89E+01
6107160000	4.18E+00	2.45E+01	6107040000	4.14E+00	2.47E+01	3.83E+00	2.74E+01
6107165000	4.21E+00	2.45E+01	6107041250	4.17E+00	2.45E+01	3.70E+00	2.92E+01
6107170000	4.19E+00	2.43E+01	6107042500	4.13E+00	2.44E+01	3.82E+00	2.83E+01
6107175000	4.20E+00	2.41E+01	6107043750	4.13E+00	2.45E+01	3.79E+00	2.93E+01
6107180000	4.17E+00	2.42E+01	6107045000	4.14E+00	2.47E+01	3.92E+00	2.86E+01
6107185000	4.19E+00	2.41E+01	6107046250	4.17E+00	2.46E+01	3.83E+00	2.86E+01
6107190000	4.19E+00	2.40E+01	6107047500	4.14E+00	2.50E+01	3.92E+00	2.85E+01
6107195000	4.20E+00	2.40E+01	6107048750	4.13E+00	2.45E+01	3.88E+00	2.88E+01
6107200000	4.21E+00	2.38E+01	6107050000	4.15E+00	2.46E+01	3.75E+00	2.81E+01
6107205000	4.19E+00	2.38E+01	6107051250	4.14E+00	2.44E+01	3.71E+00	2.88E+01
6107210000	4.20E+00	2.38E+01	6107052500	4.11E+00	2.45E+01	3.80E+00	2.77E+01
6107215000	4.20E+00	2.36E+01	6107053750	4.10E+00	2.44E+01	3.64E+00	2.93E+01
6107220000	4.21E+00	2.35E+01	6107055000	4.13E+00	2.44E+01	3.88E+00	2.82E+01
6107225000	4.19E+00	2.36E+01	6107056250	4.11E+00	2.46E+01	3.80E+00	2.93E+01
6107230000	4.20E+00	2.36E+01	6107057500	4.16E+00	2.44E+01	3.75E+00	2.85E+01
6107235000	4.22E+00	2.35E+01	6107058750	4.14E+00	2.47E+01	3.84E+00	2.69E+01
6107240000	4.21E+00	2.32E+01	6107060000	4.12E+00	2.46E+01	3.89E+00	2.92E+01
6107245000	4.20E+00	2.32E+01	6107061250	4.15E+00	2.44E+01	3.78E+00	2.82E+01
6107250000	4.23E+00	2.33E+01	6107062500	4.17E+00	2.44E+01	3.87E+00	2.80E+01
6107255000	4.22E+00	2.31E+01	6107063750	4.15E+00	2.44E+01	3.69E+00	2.85E+01
6107260000	4.23E+00	2.30E+01	6107065000	4.14E+00	2.43E+01	3.72E+00	2.74E+01
6107265000	4.23E+00	2.30E+01	6107066250	4.15E+00	2.44E+01	3.81E+00	2.84E+01
6107270000	4.22E+00	2.29E+01	6107067500	4.14E+00	2.43E+01	3.89E+00	2.77E+01
6107275000	4.24E+00	2.28E+01	6107068750	4.17E+00	2.44E+01	3.82E+00	2.84E+01
6107280000	4.23E+00	2.28E+01	6107070000	4.14E+00	2.43E+01	3.87E+00	2.90E+01
6107285000	4.21E+00	2.28E+01	6107071250	4.11E+00	2.44E+01	3.60E+00	2.84E+01
6107290000	4.23E+00	2.26E+01	6107072500	4.13E+00	2.44E+01	3.74E+00	2.87E+01
6107295000	4.23E+00	2.26E+01	6107073750	4.14E+00	2.43E+01	3.78E+00	2.75E+01
6107300000	4.22E+00	2.26E+01	6107075000	4.15E+00	2.43E+01	3.66E+00	2.87E+01
6107305000	4.24E+00	2.24E+01	6107076250	4.15E+00	2.39E+01	3.95E+00	2.90E+01
6107310000	4.24E+00	2.23E+01	6107077500	4.16E+00	2.44E+01	3.78E+00	2.80E+01
6107315000	4.26E+00	2.22E+01	6107078750	4.10E+00	2.42E+01	3.94E+00	2.81E+01
6107320000	4.24E+00	2.24E+01	6107080000	4.13E+00	2.42E+01	3.86E+00	2.72E+01
6107325000	4.25E+00	2.21E+01	6107081250	4.13E+00	2.41E+01	3.77E+00	2.63E+01
6107330000	4.25E+00	2.19E+01	6107082500	4.17E+00	2.41E+01	3.77E+00	2.67E+01
6107335000	4.25E+00	2.20E+01	6107083750	4.19E+00	2.43E+01	3.61E+00	2.82E+01
6107340000	4.26E+00	2.18E+01	6107085000	4.21E+00	2.42E+01	3.70E+00	2.79E+01
6107345000	4.24E+00	2.17E+01	6107086250	4.17E+00	2.42E+01	3.68E+00	2.76E+01
6107350000	4.25E+00	2.18E+01	6107087500	4.12E+00	2.42E+01	3.84E+00	2.65E+01
6107355000	4.24E+00	2.17E+01	6107088750	4.15E+00	2.41E+01	3.74E+00	2.76E+01
6107360000	4.25E+00	2.16E+01	6107090000	4.13E+00	2.39E+01	3.86E+00	2.77E+01
6107365000	4.25E+00	2.15E+01	6107091250	4.16E+00	2.40E+01	3.70E+00	2.78E+01
6107370000	4.26E+00	2.14E+01	6107092500	4.12E+00	2.41E+01	3.72E+00	2.72E+01
6107375000	4.28E+00	2.14E+01	6107093750	4.12E+00	2.39E+01	3.71E+00	2.87E+01
6107380000	4.27E+00	2.13E+01	6107095000	4.13E+00	2.40E+01	3.61E+00	2.83E+01
6107385000	4.27E+00	2.12E+01	6107096250	4.17E+00	2.41E+01	3.50E+00	2.83E+01
6107390000	4.27E+00	2.10E+01	6107097500	4.09E+00	2.38E+01	3.79E+00	2.73E+01
6107395000	4.28E+00	2.11E+01	6107098750	4.14E+00	2.41E+01	3.83E+00	2.72E+01
6107400000	4.28E+00	2.10E+01	6107100000	4.20E+00	2.37E+01	3.95E+00	2.79E+01
6107405000	4.29E+00	2.08E+01	6107101250	4.17E+00	2.39E+01	3.85E+00	2.78E+01
6107410000	4.29E+00	2.09E+01	6107102500	4.12E+00	2.39E+01	3.70E+00	2.73E+01
6107415000	4.29E+00	2.07E+01	6107103750	4.15E+00	2.38E+01	3.73E+00	2.90E+01
6107420000	4.28E+00	2.07E+01	6107105000	4.15E+00	2.40E+01	3.71E+00	2.83E+01
6107425000	4.30E+00	2.06E+01	6107106250	4.11E+00	2.36E+01	3.74E+00	2.70E+01
6107430000	4.31E+00	2.06E+01	6107107500	4.13E+00	2.36E+01	3.72E+00	2.78E+01
6107435000	4.30E+00	2.04E+01	6107108750	4.17E+00	2.36E+01	3.92E+00	2.68E+01
6107440000	4.33E+00	2.03E+01	6107110000	4.16E+00	2.41E+01	3.67E+00	2.73E+01
6107445000	4.30E+00	2.03E+01	6107111250	4.20E+00	2.37E+01	3.99E+00	2.79E+01
6107450000	4.32E+00	2.02E+01	6107112500	4.16E+00	2.36E+01	3.76E+00	2.81E+01
6107455000	4.30E+00	2.00E+01	6107113750	4.14E+00	2.37E+01	3.72E+00	2.75E+01
6107460000	4.31E+00	2.01E+01	6107115000	4.12E+00	2.37E+01	3.85E+00	2.70E+01
6107465000	4.31E+00	2.00E+01	6107116250	4.15E+00	2.36E+01	3.72E+00	2.73E+01
6107470000	4.30E+00	1.99E+01	6107117500	4.21E+00	2.37E+01	3.74E+00	2.87E+01
6107475000	4.32E+00	1.98E+01	6107118750	4.14E+00	2.37E+01	3.65E+00	2.77E+01
6107480000	4.32E+00	1.97E+01	6107120000	4.13E+00	2.35E+01	3.96E+00	2.68E+01
6107485000	4.32E+00	1.96E+01	6107121250	4.14E+00	2.36E+01	3.68E+00	2.87E+01
6107490000	4.31E+00	1.96E+01	6107122500	4.15E+00	2.37E+01	3.75E+00	2.68E+01
6107495000	4.34E+00	1.93E+01	6107123750	4.14E+00	2.35E+01	3.71E+00	2.77E+01
6107500000	4.34E+00	1.93E+01	6107125000	4.15E+00	2.37E+01	3.76E+00	2.65E+01
6107505000	4.33E+00	1.91E+01	6107126250	4.08E+00	2.37E+01	3.63E+00	2.75E+01
6107510000	4.35E+00	1.91E+01	6107127500	4.15E+00	2.34E+01	3.63E+00	2.81E+01
6107515000	4.33E+00	1.90E+01	6107128750	4.18E+00	2.37E+01	3.68E+00	2.70E+01
6107520000	4.34E+00	1.91E+01	6107130000	4.15E+00	2.35E+01	3.90E+00	2.79E+01
6107525000	4.35E+00	1.89E+01	6107131250	4.13E+00	2.34E+01	3.69E+00	2.87E+01
6107530000	4.37E+00	1.89E+01	6107132500	4.16E+00	2.33E+01	3.71E+00	2.68E+01
6107535000	4.36E+00	1.88E+01	6107133750	4.13E+00	2.34E+01	3.89E+00	2.68E+01
6107540000	4.36E+00	1.87E+01	6107135000	4.12E+00	2.35E+01	3.86E+00	2.76E+01
6107545000	4.36E+00	1.84E+01	6107136250	4.18E+00	2.39E+01	3.75E+00	2.76E+01
6107550000	4.36E+00	1.84E+01	6107137500	4.11E+00	2.34E+01	3.89E+00	2.70E+01
6107555000	4.38E+00	1.84E+01	6107138750	4.07E+00	2.33E+01	3.66E+00	2.69E+01
6107560000	4.35E+00	1.83E+01	6107140000	4.14E+00	2.34E+01	3.91E+00	2.69E+01
6107565000	4.38E+00	1.82E+01	6107141250	4.14E+00	2.34E+01	3.60E+00	2.70E+01
6107570000	4.38E+00	1.81E+01	6107142500	4.12E+00	2.34E+01	3.90E+00	2.65E+01
6107575000	4.37E+00	1.80E+01	6107143750	4.13E+00	2.33E+01	3.75E+00	2.63E+01
6107580000	4.38E+00	1.81E+01	6107145000	4.16E+00	2.33E+01	3.75E+00	2.68E+01
6107585000	4.40E+00	1.79E+01	6107146250	4.18E+00	2.34E+01	3.81E+00	2.72E+01
6107590000	4.39E+00	1.77E+01	6107147500	4.15E+00	2.35E+01	3.84E+00	2.66E+01
6107595000	4.40E+00	1.76E+01	6107148750	4.17E+00	2.32E+01	3.82E+00	2.70E+01
6107600000	4.39E+00	1.75E+01	6107150000	4.17E+00	2.31E+01	3.85E+00	2.80E+01
6107605000	4.41E+00	1.74E+01	6107151250	4.17E+00	2.33E+01	3.59E+00	2.76E+01
6107610000	4.42E+00	1.74E+01	6107152500	4.20E+00	2.33E+01	3.75E+00	2.71E+01
6107615000	4.41E+00	1.74E+01	6107153750	4.17E+00	2.36E+01	3.78E+00	2.76E+01
6107620000	4.42E+00	1.72E+01	6107155000	4.19E+00	2.33E+01	3.70E+00	2.72E+01
6107625000	4.40E+00	1.70E+01	6107156250	4.13E+00	2.31E+01	3.84E+00	2.72E+01
6107630000	4.41E+00	1.69E+01	6107157500	4.18E+00	2.31E+01	3.78E+00	2.63E+01
6107635000	4.43E+00	1.70E+01	6107158750	4.17E+00	2.31E+01	3.84E+00	2.67E+01
6107640000	4.44E+00	1.68E+01	6107160000	4.15E+00	2.29E+01	3.80E+00	2.70E+01
6107645000	4.43E+00	1.67E+01	6107161250	4.16E+00	2.32E+01	3.70E+00	2.77E+01
6107650000	4.44E+00	1.67E+01	6107162500	4.16E+00	2.33E+01	3.72E+00	2.56E+01
6107655000	4.46E+00	1.64E+01	6107163750	4.15E+00	2.32E+01	3.64E+00	2.71E+01
6107660000	4.45E+00	1.64E+01	6107165000	4.23E+00	2.28E+01	3.85E+00	2.81E+01
6107665000	4.46E+00	1.62E+01	6107166250	4.16E+00	2.30E+01	3.73E+00	2.61E+01
6107670000	4.47E+00	1.62E+01	6107167500	4.15E+00	2.29E+01	3.71E+00	2.69E+01
6107675000	4.46E+00	1.60E+01	6107168750	4.11E+00	2.32E+01	3.69E+00	2.64E+01
6107680000	4.47E+00	1.59E+01	6107170000	4.17E+00	2.28E+01	3.75E+00	2.59E+01
6107685000	4.48E+00	1.59E+01	6107171250	4.14E+00	2.33E+01	3.80E+00	2.68E+01
6107690000	4.47E+00	1.58E+01	6107172500	4.14E+00	2.30E+01	3.70E+00	2.67E+01
6107695000	4.48E+00	1.56E+01	6107173750	4.17E+00	2.30E+01	3.59E+00	2.66E+01
6107700000	4.49E+00	1.55E+01	6107175000	4.23E+00	2.30E+01	3.78E+00	2.72E+01
6107705000	4.48E+00	1.53E+01	6107176250	4.16E+00	2.30E+01	3.94E+00	2.53E+01
6107710000	4.48E+00	1.52E+01	6107177500	4.22E+00	2.31E+01	3.67E+00	2.69E+01
6107715000	4.48E+00	1.51E+01	6107178750	4.21E+00	2.26E+01	3.95E+00	2.79E+01
6107720000	4.50E+00	1.49E+01	6107180000	4.17E+00	2.27E+01	3.73E+00	2.69E+01
6107725000	4.51E+00	1.49E+01	6107181250	4.12E+00	2.27E+01	3.92E+00	2.73E+01
6107730000	4.51E+00	1.47E+01	6107182500	4.20E+00	2.24E+01	3.65E+00	2.66E+01
6107735000	4.53E+00	1.47E+01	6107183750	4.15E+00	2.25E+01	3.84E+00	2.65E+01
6107740000	4.53E+00	1.45E+01	6107185000	4.19E+00	2.31E+01	3.72E+00	2.71E+01
6107745000	4.54E+00	1.43E+01	6107186250	4.16E+00	2.27E+01	3.95E+00	2.81E+01
6107750000	4.55E+00	1.43E+01	6107187500	4.19E+00	2.28E+01	3.81E+00	2.55E+01
6107755000	4.55E+00	1.42E+01	6107188750	4.13E+00	2.29E+01	3.60E+00	2.55E+01
6107760000	4.55E+00	1.39E+01	6107190000	4.15E+00	2.28E+01	3.74E+00	2.71E+01
6107765000	4.55E+00	1.40E+01	6107191250	4.19E+00	2.28E+01	3.75E+00	2.71E+01
6107770000	4.56E+00	1.38E+01	6107192500	4.13E+00	2.27E+01	3.80E+00	2.76E+01
6107775000	4.56E+00	1.36E+01	6107193750	4.20E+00	2.24E+01	3.69E+00	2.65E+01
6107780000	4.57E+00	1.34E+01	6107195000	4.18E+00	2.30E+01	3.86E+00	2.73E+01
6107785000	4.58E+00	1.33E+01	6107196250	4.17E+00	2.25E+01	3.72E+00	2.74E+01
6107790000	4.59E+00	1.31E+01	6107197500	4.18E+00	2.28E+01	3.81E+00	2.62E+01
6107795000	4.61E+00	1.30E+01	6107198750	4.17E+00	2.28E+01	3.68E+00	2.71E+01
6107800000	4.60E+00	1.28E+01	6107200000	4.20E+00	2.27E+01	3.76E+00	2.54E+01
6107805000	4.61E+00	1.27E+01	6107201250	4.14E+00	2.26E+01	3.77E+00	2.70E+01
6107810000	4.63E+00	1.26E+01	6107202500	4.21E+00	2.27E+01	3.57E+00	2.57E+01
6107815000	4.64E+00	1.24E+01	6107203750	4.18E+00	2.24E+01	3.58E+00	2.53E+01
6107820000	4.65E+00	1.23E+01	6107205000	4.14E+00	2.27E+01	3.74E+00	2.59E+01
6107825000	4.63E+00	1.22E+01	6107206250	4.22E+00	2.23E+01	3.63E+00	2.62E+01
6107830000	4.64E+00	1.20E+01	6107207500	4.16E+00	2.22E+01	3.72E+00	2.71E+01
6107835000	4.64E+00	1.19E+01	6107208750	4.16E+00	2.24E+01	3.72E+00	2.50E+01
6107840000	4.65E+00	1.17E+01	6107210000	4.17E+00	2.27E+01	3.83E+00	2.64E+01
6107845000	4.68E+00	1.14E+01	6107211250	4.19E+00	2.25E+01	3.84E+00	2.73E+01
6107850000	4.67E+00	1.13E+01	6107212500	4.17E+00	2.24E+01	3.73E+00	2.68E+01
6107855000	4.69E+00	1.11E+01	6107213750	4.20E+00	2.23E+01	3.73E+00	2.73E+01
6107860000	4.69E+00	1.09E+01	6107215000	4.17E+00	2.20E+01	3.80E+00	2.68E+01
6107865000	4.70E+00	1.07E+01	6107216250	4.19E+00	2.24E+01	3.78E+00	2.74E+01
6107870000	4.72E+00	1.06E+01	6107217500	4.18E+00	2.22E+01	3.79E+00	2.67E+01
6107875000	4.71E+00	1.05E+01	6107218750	4.11E+00	2.22E+01	3.85E+00	2.65E+01
6107880000	4.72E+00	1.01E+01	6107220000	4.20E+00	2.23E+01	3.90E+00	2.70E+01
6107885000	4.75E+00	1.00E+01	6107221250	4.14E+00	2.23E+01	3.73E+00	2.61E+01
6107890000	4.74E+00	9.81E+00	6107222500	4.26E+00	2.21E+01	3.73E+00	2.58E+01
6107895000	4.76E+00	9.61E+00	6107223750	4.17E+00	2.24E+01	3.86E+00	2.68E+01
6107900000	4.77E+00	9.39E+00	6107225000	4.21E+00	2.25E+01	3.82E+00	2.67E+01
6107905000	4.79E+00	9.14E+00	6107226250	4.16E+00	2.21E+01	3.69E+00	2.66E+01
6107910000	4.77E+00	8.87E+00	6107227500	4.16E+00	2.23E+01	3.70E+00	2.54E+01
6107915000	4.80E+00	8.74E+00	6107228750	4.17E+00	2.18E+01	3.91E+00	2.72E+01
6107920000	4.81E+00	8.36E+00	6107230000	4.17E+00	2.22E+01	3.73E+00	2.67E+01
6107925000	4.82E+00	8.25E+00	6107231250	4.22E+00	2.21E+01	3.98E+00	2.61E+01
6107930000	4.82E+00	7.94E+00	6107232500	4.19E+00	2.21E+01	3.82E+00	2.69E+01
6107935000	4.82E+00	7.78E+00	6107233750	4.15E+00	2.17E+01	3.75E+00	2.63E+01
6107940000	4.85E+00	7.45E+00	6107235000	4.17E+00	2.21E+01	3.79E+00	2.54E+01
6107945000	4.85E+00	7.18E+00	6107236250	4.21E+00	2.23E+01	3.75E+00	2.66E+01
6107950000	4.87E+00	6.96E+00	6107237500	4.19E+00	2.19E+01	3.73E+00	2.58E+01
6107955000	4.89E+00	6.67E+00	6107238750	4.17E+00	2.23E+01	3.64E+00	2.51E+01
6107960000	4.91E+00	6.38E+00	6107240000	4.15E+00	2.18E+01	3.67E+00	2.43E+01
6107965000	4.92E+00	6.16E+00	6107241250	4.20E+00	2.20E+01	3.83E+00	2.64E+01
6107970000	4.92E+00	5.73E+00	6107242500	4.20E+00	2.20E+01	3.80E+00	2.53E+01
6107975000	4.94E+00	5.35E+00	6107243750	4.19E+00	2.18E+01	3.66E+00	2.56E+01
6107980000	4.94E+00	5.12E+00	6107245000	4.17E+00	2.20E+01	3.78E+00	2.55E+01
6107985000	4.96E+00	4.94E+00	6107246250	4.20E+00	2.17E+01	3.94E+00	2.59E+01
6107990000	4.96E+00	4.36E+00	6107247500	4.21E+00	2.18E+01	3.73E+00	2.67E+01
6107995000	5.00E+00	4.14E+00	6107248750	4.18E+00	2.20E+01	3.78E+00	2.55E+01
6108000000	5.00E+00	3.58E+00	6107250000	4.17E+00	2.16E+01	3.96E+00	2.45E+01
6108005000	5.03E+00	3.26E+00	6107251250	4.20E+00	2.17E+01	3.68E+00	2.57E+01
6108010000	5.04E+00	2.94E+00	6107252500	4.18E+00	2.20E+01	3.83E+00	2.56E+01
6108015000	5.03E+00	2.41E+00	6107253750	4.18E+00	2.19E+01	3.82E+00	2.47E+01
6108020000	5.06E+00	2.04E+00	6107255000	4.18E+00	2.20E+01	3.79E+00	2.47E+01
6108025000	5.07E+00	1.52E+00	6107256250	4.18E+00	2.20E+01	3.66E+00	2.54E+01
6108030000	5.08E+00	1.05E+00	6107257500	4.19E+00	2.15E+01	3.89E+00	2.63E+01
6108035000	5.10E+00	5.40E-01	6107258750	4.21E+00	2.17E+01	3.80E+00	2.54E+01
6108040000	5.13E+00	-9.84E-03	6107260000	4.15E+00	2.21E+01	3.61E+00	2.49E+01
6108045000	5.15E+00	-5.71E-01	6107261250	4.17E+00	2.19E+01	3.54E+00	2.59E+01
6108050000	5.15E+00	-1.19E+00	6107262500	4.20E+00	2.19E+01	3.66E+00	2.53E+01
6108055000	5.17E+00	-1.83E+00	6107263750	4.18E+00	2.17E+01	3.68E+00	2.57E+01
6108060000	5.19E+00	-2.41E+00	6107265000	4.22E+00	2.15E+01	3.97E+00	2.52E+01
6108065000	5.19E+00	-3.22E+00	6107266250	4.17E+00	2.17E+01	3.75E+00	2.58E+01
6108070000	5.20E+00	-3.99E+00	6107267500	4.15E+00	2.15E+01	3.71E+00	2.58E+01
6108075000	5.20E+00	-4.84E+00	6107268750	4.12E+00	2.16E+01	3.84E+00	2.64E+01
6108080000	5.18E+00	-5.79E+00	6107270000	4.21E+00	2.14E+01	3.79E+00	2.63E+01
6108085000	5.14E+00	-6.86E+00	6107271250	4.19E+00	2.14E+01	3.67E+00	2.65E+01
6108090000	5.07E+00	-8.12E+00	6107272500	4.21E+00	2.18E+01	3.79E+00	2.44E+01
6108095000	5.01E+00	-8.88E+00	6107273750	4.17E+00	2.15E+01	3.60E+00	2.62E+01
6108100000	4.91E+00	-9.78E+00	6107275000	4.20E+00	2.19E+01	3.77E+00	2.57E+01
6108105000	4.74E+00	-1.10E+01	6107276250	4.16E+00	2.13E+01	3.97E+00	2.63E+01
6108110000	4.60E+00	-1.19E+01	6107277500	4.19E+00	2.14E+01	3.79E+00	2.51E+01
6108115000	4.41E+00	-1.27E+01	6107278750	4.20E+00	2.12E+01	3.52E+00	2.54E+01
6108120000	4.24E+00	-1.36E+01	6107280000	4.18E+00	2.14E+01	3.65E+00	2.48E+01
6108125000	4.04E+00	-1.43E+01	6107281250	4.21E+00	2.16E+01	3.69E+00	2.57E+01
6108130000	3.88E+00	-1.48E+01	6107282500	4.18E+00	2.15E+01	3.82E+00	2.57E+01
6108135000	3.69E+00	-1.55E+01	6107283750	4.20E+00	2.10E+01	3.72E+00	2.63E+01
6108140000	3.50E+00	-1.60E+01	6107285000	4.14E+00	2.13E+01	3.87E+00	2.55E+01
6108145000	3.33E+00	-1.64E+01	6107286250	4.19E+00	2.15E+01	3.75E+00	2.64E+01
6108150000	3.10E+00	-1.69E+01	6107287500	4.17E+00	2.15E+01	3.81E+00	2.63E+01
6108155000	2.93E+00	-1.72E+01	6107288750	4.16E+00	2.13E+01	3.74E+00	2.50E+01
6108160000	2.68E+00	-1.75E+01	6107290000	4.22E+00	2.13E+01	3.89E+00	2.64E+01
6108165000	2.46E+00	-1.80E+01	6107291250	4.18E+00	2.10E+01	3.74E+00	2.59E+01
6108170000	2.23E+00	-1.81E+01	6107292500	4.17E+00	2.10E+01	3.75E+00	2.57E+01
6108175000	1.95E+00	-1.80E+01	6107293750	4.18E+00	2.10E+01	3.74E+00	2.53E+01
6108180000	1.69E+00	-1.83E+01	6107295000	4.21E+00	2.11E+01	3.82E+00	2.56E+01
6108185000	1.45E+00	-1.84E+01	6107296250	4.21E+00	2.12E+01	3.94E+00	2.40E+01
6108190000	1.16E+00	-1.83E+01	6107297500	4.21E+00	2.13E+01	3.87E+00	2.54E+01
6108195000	8.81E-01	-1.79E+01	6107298750	4.19E+00	2.06E+01	3.83E+00	2.53E+01
6108200000	5.74E-01	-1.78E+01	6107300000	4.15E+00	2.11E+01	3.77E+00	2.51E+01
6108205000	3.13E-01	-1.72E+01	6107301250	4.19E+00	2.13E+01	3.72E+00	2.54E+01
6108210000	3.25E-03	-1.65E+01	6107302500	4.20E+00	2.11E+01	3.83E+00	2.53E+01
6108215000	-3.35E-01	-1.59E+01	6107303750	4.17E+00	2.11E+01	3.71E+00	2.58E+01
6108220000	-6.25E-01	-1.49E+01	6107305000	4.20E+00	2.11E+01	3.78E+00	2.51E+01
6108225000	-9.50E-01	-1.37E+01	6107306250	4.20E+00	2.12E+01	3.73E+00	2.47E+01
6108230000	-1.27E+00	-1.24E+01	6107307500	4.19E+00	2.09E+01	3.80E+00	2.52E+01
6108235000	-1.58E+00	-1.10E+01	6107308750	4.19E+00	2.11E+01	3.83E+00	2.49E+01
6108240000	-1.88E+00	-9.15E+00	6107310000	4.17E+00	2.07E+01	3.63E+00	2.58E+01
6108245000	-2.20E+00	-7.33E+00	6107311250	4.16E+00	2.12E+01	3.86E+00	2.51E+01
6108250000	-2.47E+00	-5.20E+00	6107312500	4.21E+00	2.11E+01	3.77E+00	2.36E+01
6108255000	-2.71E+00	-2.32E+00	6107313750	4.19E+00	2.07E+01	4.10E+00	2.47E+01
6108260000	-2.97E+00	3.38E-01	6107315000	4.23E+00	2.07E+01	3.77E+00	2.57E+01
6108265000	-3.13E+00	3.52E+00	6107316250	4.23E+00	2.10E+01	3.85E+00	2.47E+01
6108270000	-3.26E+00	6.78E+00	6107317500	4.17E+00	2.09E+01	3.80E+00	2.49E+01
6108275000	-3.35E+00	1.03E+01	6107318750	4.19E+00	2.08E+01	3.62E+00	2.51E+01
6108280000	-3.35E+00	1.37E+01	6107320000	4.20E+00	2.09E+01	3.72E+00	2.45E+01
6108285000	-3.25E+00	1.74E+01	6107321250	4.15E+00	2.09E+01	3.29E+00	2.49E+01
6108290000	-3.11E+00	2.15E+01	6107322500	4.25E+00	2.09E+01	3.69E+00	2.45E+01
6108295000	-2.86E+00	2.49E+01	6107323750	4.20E+00	2.08E+01	3.70E+00	2.50E+01
6108300000	-2.63E+00	2.74E+01	6107325000	4.23E+00	2.07E+01	3.52E+00	2.59E+01
6108305000	-2.39E+00	3.01E+01	6107326250	4.21E+00	2.06E+01	3.94E+00	2.59E+01
6108310000	-2.10E+00	3.20E+01	6107327500	4.22E+00	2.09E+01	3.74E+00	2.62E+01
6108315000	-1.78E+00	3.36E+01	6107328750	4.16E+00	2.07E+01	3.80E+00	2.47E+01
6108320000	-1.50E+00	3.48E+01	6107330000	4.18E+00	2.04E+01	3.67E+00	2.48E+01
6108325000	-1.27E+00	3.57E+01	6107331250	4.23E+00	2.07E+01	3.80E+00	2.53E+01
6108330000	-9.31E-01	3.66E+01	6107332500	4.19E+00	2.08E+01	3.51E+00	2.47E+01
6108335000	-5.92E-01	3.71E+01	6107333750	4.25E+00	2.05E+01	3.78E+00	2.59E+01
6108340000	-3.86E-01	3.71E+01	6107335000	4.24E+00	2.09E+01	3.86E+00	2.44E+01
6108345000	-1.80E-01	3.70E+01	6107336250	4.22E+00	2.09E+01	3.71E+00	2.56E+01
6108350000	3.78E-02	3.67E+01	6107337500	4.24E+00	2.07E+01	3.81E+00	2.52E+01
6108355000	1.70E-01	3.64E+01	6107338750	4.20E+00	2.05E+01	3.84E+00	2.47E+01
6108360000	3.65E-01	3.58E+01	6107340000	4.21E+00	2.05E+01	4.00E+00	2.45E+01
6108365000	4.72E-01	3.55E+01	6107341250	4.26E+00	2.06E+01	3.95E+00	2.46E+01
6108370000	6.24E-01	3.50E+01	6107342500	4.19E+00	2.06E+01	3.81E+00	2.62E+01
6108375000	7.40E-01	3.46E+01	6107343750	4.21E+00	2.07E+01	3.63E+00	2.51E+01
6108380000	8.93E-01	3.41E+01	6107345000	4.24E+00	2.07E+01	3.72E+00	2.45E+01
6108385000	9.77E-01	3.37E+01	6107346250	4.23E+00	2.06E+01	3.54E+00	2.51E+01
6108390000	1.12E+00	3.28E+01	6107347500	4.24E+00	2.05E+01	3.69E+00	2.45E+01
6108395000	1.21E+00	3.26E+01	6107348750	4.20E+00	2.02E+01	3.48E+00	2.45E+01
6108400000	1.26E+00	3.22E+01	6107350000	4.19E+00	2.04E+01	3.60E+00	2.47E+01
6108405000	1.38E+00	3.16E+01	6107351250	4.23E+00	2.03E+01	3.84E+00	2.46E+01
6108410000	1.50E+00	3.12E+01	6107352500	4.25E+00	2.04E+01	3.74E+00	2.45E+01
6108415000	1.56E+00	3.08E+01	6107353750	4.22E+00	2.01E+01	3.82E+00	2.33E+01
6108420000	1.61E+00	3.05E+01	6107355000	4.17E+00	2.03E+01	3.73E+00	2.45E+01
6108425000	1.68E+00	3.00E+01	6107356250	4.20E+00	2.02E+01	3.64E+00	2.42E+01
6108430000	1.73E+00	2.96E+01	6107357500	4.23E+00	2.01E+01	3.85E+00	2.46E+01
6108435000	1.85E+00	2.93E+01	6107358750	4.22E+00	2.00E+01	3.80E+00	2.57E+01
6108440000	1.86E+00	2.89E+01	6107360000	4.21E+00	2.01E+01	3.80E+00	2.45E+01
6108445000	1.94E+00	2.85E+01	6107361250	4.22E+00	2.02E+01	3.90E+00	2.41E+01
6108450000	1.99E+00	2.81E+01	6107362500	4.22E+00	2.00E+01	3.66E+00	2.45E+01
6108455000	2.05E+00	2.78E+01	6107363750	4.22E+00	2.00E+01	3.60E+00	2.40E+01
6108460000	2.08E+00	2.75E+01	6107365000	4.23E+00	2.01E+01	3.59E+00	2.47E+01
6108465000	2.15E+00	2.73E+01	6107366250	4.22E+00	2.01E+01	3.79E+00	2.43E+01
6108470000	2.18E+00	2.71E+01	6107367500	4.21E+00	2.01E+01	3.87E+00	2.58E+01
6108475000	2.21E+00	2.67E+01	6107368750	4.22E+00	2.01E+01	3.72E+00	2.34E+01
6108480000	2.27E+00	2.64E+01	6107370000	4.21E+00	2.00E+01	3.75E+00	2.46E+01
6108485000	2.32E+00	2.61E+01	6107371250	4.21E+00	2.00E+01	3.55E+00	2.45E+01
6108490000	2.36E+00	2.60E+01	6107372500	4.24E+00	2.00E+01	3.67E+00	2.37E+01
6108495000	2.37E+00	2.54E+01	6107373750	4.22E+00	2.02E+01	3.71E+00	2.38E+01
6108500000	2.41E+00	2.53E+01	6107375000	4.23E+00	2.01E+01	3.69E+00	2.38E+01
6108505000	2.42E+00	2.53E+01	6107376250	4.19E+00	2.00E+01	3.75E+00	2.37E+01
6108510000	2.47E+00	2.50E+01	6107377500	4.16E+00	2.00E+01	3.64E+00	2.34E+01
6108515000	2.48E+00	2.46E+01	6107378750	4.18E+00	2.00E+01	3.68E+00	2.30E+01
6108520000	2.54E+00	2.44E+01	6107380000	4.26E+00	1.99E+01	3.68E+00	2.42E+01
6108525000	2.55E+00	2.43E+01	6107381250	4.22E+00	2.00E+01	3.70E+00	2.47E+01
6108530000	2.59E+00	2.39E+01	6107382500	4.17E+00	1.99E+01	3.60E+00	2.46E+01
6108535000	2.64E+00	2.38E+01	6107383750	4.29E+00	1.98E+01	3.76E+00	2.40E+01
6108540000	2.64E+00	2.35E+01	6107385000	4.21E+00	1.99E+01	3.70E+00	2.39E+01
6108545000	2.67E+00	2.34E+01	6107386250	4.23E+00	1.97E+01	3.83E+00	2.44E+01
6108550000	2.69E+00	2.32E+01	6107387500	4.21E+00	1.97E+01	3.75E+00	2.38E+01
6108555000	2.74E+00	2.27E+01	6107388750	4.21E+00	1.99E+01	3.87E+00	2.41E+01
6108560000	2.74E+00	2.27E+01	6107390000	4.21E+00	1.96E+01	3.65E+00	2.43E+01
6108565000	2.75E+00	2.26E+01	6107391250	4.26E+00	2.01E+01	3.76E+00	2.26E+01
6108570000	2.77E+00	2.24E+01	6107392500	4.25E+00	1.94E+01	3.57E+00	2.41E+01
6108575000	2.80E+00	2.22E+01	6107393750	4.24E+00	1.96E+01	3.87E+00	2.48E+01
6108580000	2.81E+00	2.20E+01	6107395000	4.21E+00	1.97E+01	3.77E+00	2.33E+01
6108585000	2.81E+00	2.18E+01	6107396250	4.23E+00	1.97E+01	3.82E+00	2.40E+01
6108590000	2.83E+00	2.17E+01	6107397500	4.20E+00	1.99E+01	3.56E+00	2.42E+01
6108595000	2.88E+00	2.16E+01	6107398750	4.21E+00	1.97E+01	3.79E+00	2.37E+01
6108600000	2.87E+00	2.14E+01	6107400000	4.19E+00	1.95E+01	3.64E+00	2.44E+01
6108605000	2.88E+00	2.12E+01	6107401250	4.22E+00	1.96E+01	3.85E+00	2.34E+01
6108610000	2.92E+00	2.10E+01	6107402500	4.26E+00	1.95E+01	3.78E+00	2.35E+01
6108615000	2.92E+00	2.07E+01	6107403750	4.23E+00	1.96E+01	3.64E+00	2.33E+01
6108620000	2.95E+00	2.06E+01	6107405000	4.22E+00	1.94E+01	3.67E+00	2.36E+01
6108625000	2.97E+00	2.05E+01	6107406250	4.24E+00	1.97E+01	3.80E+00	2.39E+01
6108630000	2.98E+00	2.04E+01	6107407500	4.22E+00	1.97E+01	3.94E+00	2.41E+01
6108635000	2.99E+00	2.01E+01	6107408750	4.26E+00	1.97E+01	3.92E+00	2.41E+01
6108640000	2.98E+00	2.02E+01	6107410000	4.24E+00	1.94E+01	3.92E+00	2.46E+01
6108645000	3.02E+00	1.99E+01	6107411250	4.21E+00	1.94E+01	3.85E+00	2.28E+01
6108650000	3.01E+00	1.98E+01	6107412500	4.21E+00	1.95E+01	3.72E+00	2.41E+01
6108655000	3.02E+00	1.97E+01	6107413750	4.26E+00	1.94E+01	3.55E+00	2.32E+01
6108660000	3.06E+00	1.94E+01	6107415000	4.22E+00	1.94E+01	3.90E+00	2.41E+01
6108665000	3.05E+00	1.93E+01	6107416250	4.23E+00	1.92E+01	3.76E+00	2.30E+01
6108670000	3.06E+00	1.95E+01	6107417500	4.24E+00	1.92E+01	3.68E+00	2.47E+01
6108675000	3.07E+00	1.92E+01	6107418750	4.23E+00	1.92E+01	3.64E+00	2.41E+01
6108680000	3.10E+00	1.90E+01	6107420000	4.23E+00	1.96E+01	3.58E+00	2.41E+01
6108685000	3.11E+00	1.89E+01	6107421250	4.26E+00	1.94E+01	3.82E+00	2.29E+01
6108690000	3.13E+00	1.87E+01	6107422500	4.29E+00	1.91E+01	3.83E+00	2.33E+01
6108695000	3.13E+00	1.86E+01	6107423750	4.23E+00	1.93E+01	3.80E+00	2.47E+01
6108700000	3.13E+00	1.84E+01	6107425000	4.25E+00	1.91E+01	3.86E+00	2.30E+01
6108705000	3.16E+00	1.83E+01	6107426250	4.23E+00	1.93E+01	3.77E+00	2.29E+01
6108710000	3.18E+00	1.82E+01	6107427500	4.22E+00	1.92E+01	3.59E+00	2.32E+01
6108715000	3.18E+00	1.83E+01	6107428750	4.26E+00	1.93E+01	3.86E+00	2.29E+01
6108720000	3.16E+00	1.82E+01	6107430000	4.23E+00	1.91E+01	3.79E+00	2.41E+01
6108725000	3.19E+00	1.79E+01	6107431250	4.25E+00	1.89E+01	3.48E+00	2.40E+01
6108730000	3.20E+00	1.77E+01	6107432500	4.26E+00	1.91E+01	3.77E+00	2.53E+01
6108735000	3.22E+00	1.77E+01	6107433750	4.27E+00	1.93E+01	3.81E+00	2.35E+01
6108740000	3.22E+00	1.76E+01	6107435000	4.23E+00	1.88E+01	3.82E+00	2.40E+01
6108745000	3.23E+00	1.75E+01	6107436250	4.27E+00	1.89E+01	3.82E+00	2.38E+01
6108750000	3.23E+00	1.74E+01	6107437500	4.23E+00	1.93E+01	3.75E+00	2.32E+01
6108755000	3.22E+00	1.71E+01	6107438750	4.22E+00	1.89E+01	3.67E+00	2.28E+01
6108760000	3.24E+00	1.72E+01	6107440000	4.26E+00	1.89E+01	3.70E+00	2.22E+01
6108765000	3.26E+00	1.72E+01	6107441250	4.27E+00	1.86E+01	3.58E+00	2.30E+01
6108770000	3.28E+00	1.69E+01	6107442500	4.22E+00	1.87E+01	3.66E+00	2.32E+01
6108775000	3.26E+00	1.69E+01	6107443750	4.26E+00	1.87E+01	3.87E+00	2.37E+01
6108780000	3.29E+00	1.66E+01	6107445000	4.28E+00	1.90E+01	3.66E+00	2.33E+01
6108785000	3.27E+00	1.66E+01	6107446250	4.26E+00	1.86E+01	3.75E+00	2.38E+01
6108790000	3.29E+00	1.64E+01	6107447500	4.24E+00	1.88E+01	3.91E+00	2.29E+01
6108795000	3.30E+00	1.64E+01	6107448750	4.25E+00	1.92E+01	3.74E+00	2.43E+01
6108800000	3.29E+00	1.64E+01	6107450000	4.20E+00	1.88E+01	3.62E+00	2.21E+01
6108805000	3.30E+00	1.61E+01	6107451250	4.26E+00	1.90E+01	3.82E+00	2.29E+01
6108810000	3.29E+00	1.61E+01	6107452500	4.25E+00	1.88E+01	3.88E+00	2.31E+01
6108815000	3.32E+00	1.61E+01	6107453750	4.29E+00	1.88E+01	3.96E+00	2.36E+01
6108820000	3.34E+00	1.59E+01	6107455000	4.26E+00	1.85E+01	3.76E+00	2.36E+01
6108825000	3.35E+00	1.59E+01	6107456250	4.23E+00	1.85E+01	3.57E+00	2.36E+01
6108830000	3.33E+00	1.57E+01	6107457500	4.25E+00	1.86E+01	3.79E+00	2.34E+01
6108835000	3.33E+00	1.55E+01	6107458750	4.25E+00	1.84E+01	3.69E+00	2.46E+01
6108840000	3.36E+00	1.55E+01	6107460000	4.24E+00	1.90E+01	3.74E+00	2.18E+01
6108845000	3.35E+00	1.55E+01	6107461250	4.23E+00	1.83E+01	3.69E+00	2.25E+01
6108850000	3.35E+00	1.54E+01	6107462500	4.22E+00	1.87E+01	3.91E+00	2.30E+01
6108855000	3.37E+00	1.52E+01	6107463750	4.27E+00	1.85E+01	3.70E+00	2.37E+01
6108860000	3.37E+00	1.51E+01	6107465000	4.28E+00	1.84E+01	3.80E+00	2.26E+01
6108865000	3.38E+00	1.51E+01	6107466250	4.27E+00	1.86E+01	3.81E+00	2.45E+01
6108870000	3.39E+00	1.49E+01	6107467500	4.23E+00	1.84E+01	3.97E+00	2.30E+01
6108875000	3.38E+00	1.48E+01	6107468750	4.25E+00	1.84E+01	3.70E+00	2.13E+01
6108880000	3.39E+00	1.47E+01	6107470000	4.29E+00	1.85E+01	3.50E+00	2.20E+01
6108885000	3.41E+00	1.46E+01	6107471250	4.26E+00	1.85E+01	3.70E+00	2.42E+01
6108890000	3.41E+00	1.46E+01	6107472500	4.26E+00	1.84E+01	3.77E+00	2.41E+01
6108895000	3.39E+00	1.44E+01	6107473750	4.25E+00	1.84E+01	3.81E+00	2.28E+01
6108900000	3.42E+00	1.43E+01	6107475000	4.25E+00	1.81E+01	3.79E+00	2.19E+01
6108905000	3.39E+00	1.44E+01	6107476250	4.28E+00	1.84E+01	3.67E+00	2.23E+01
6108910000	3.42E+00	1.42E+01	6107477500	4.26E+00	1.85E+01	3.86E+00	2.24E+01
6108915000	3.42E+00	1.42E+01	6107478750	4.30E+00	1.84E+01	3.81E+00	2.14E+01
6108920000	3.43E+00	1.41E+01	6107480000	4.25E+00	1.80E+01	3.70E+00	2.28E+01
6108925000	3.41E+00	1.39E+01	6107481250	4.20E+00	1.85E+01	3.64E+00	2.31E+01
6108930000	3.42E+00	1.38E+01	6107482500	4.27E+00	1.85E+01	3.58E+00	2.26E+01
6108935000	3.44E+00	1.39E+01	6107483750	4.27E+00	1.82E+01	3.60E+00	2.27E+01
6108940000	3.46E+00	1.37E+01	6107485000	4.28E+00	1.80E+01	3.79E+00	2.23E+01
6108945000	3.45E+00	1.36E+01	6107486250	4.26E+00	1.83E+01	3.75E+00	2.29E+01
6108950000	3.44E+00	1.36E+01	6107487500	4.29E+00	1.82E+01	3.88E+00	2.29E+01
6108955000	3.46E+00	1.35E+01	6107488750	4.29E+00	1.80E+01	3.65E+00	2.29E+01
6108960000	3.48E+00	1.35E+01	6107490000	4.25E+00	1.79E+01	3.66E+00	2.31E+01
6108965000	3.44E+00	1.33E+01	6107491250	4.25E+00	1.84E+01	3.75E+00	2.22E+01
6108970000	3.46E+00	1.31E+01	6107492500	4.28E+00	1.82E+01	3.76E+00	2.15E+01
6108975000	3.47E+00	1.31E+01	6107493750	4.27E+00	1.84E+01	3.60E+00	2.24E+01
6108980000	3.50E+00	1.30E+01	6107495000	4.28E+00	1.81E+01	3.69E+00	2.28E+01
6108985000	3.48E+00	1.30E+01	6107496250	4.27E+00	1.79E+01	3.69E+00	2.26E+01
6108990000	3.48E+00	1.29E+01	6107497500	4.28E+00	1.78E+01	3.80E+00	2.23E+01
6108995000	3.47E+00	1.28E+01	6107498750	4.29E+00	1.81E+01	3.73E+00	2.27E+01
6109000000	3.48E+00	1.28E+01	6107500000	4.29E+00	1.80E+01	3.80E+00	2.27E+01
			6107501250	4.30E+00	1.78E+01	3.82E+00	2.24E+01
			6107502500	4.27E+00	1.78E+01	3.99E+00	2.20E+01
			6107503750	4.26E+00	1.78E+01	3.74E+00	2.29E+01
			6107505000	4.26E+00	1.80E+01	3.84E+00	2.15E+01
			6107506250	4.29E+00	1.79E+01	3.57E+00	2.16E+01
			6107507500	4.30E+00	1.78E+01	3.53E+00	2.18E+01
			6107508750	4.32E+00	1.76E+01	3.65E+00	2.11E+01
			6107510000	4.29E+00	1.76E+01	3.69E+00	2.23E+01
			6107511250	4.33E+00	1.77E+01	3.78E+00	2.26E+01
			6107512500	4.25E+00	1.79E+01	3.59E+00	2.12E+01
			6107513750	4.28E+00	1.75E+01	3.76E+00	2.25E+01
			6107515000	4.27E+00	1.72E+01	3.76E+00	2.10E+01
			6107516250	4.29E+00	1.77E+01	3.65E+00	2.24E+01
			6107517500	4.26E+00	1.76E+01	3.83E+00	2.28E+01
			6107518750	4.29E+00	1.74E+01	3.57E+00	2.26E+01
			6107520000	4.30E+00	1.78E+01	3.62E+00	2.22E+01
			6107521250	4.28E+00	1.73E+01	3.73E+00	2.13E+01
			6107522500	4.30E+00	1.77E+01	3.62E+00	2.13E+01
			6107523750	4.30E+00	1.74E+01	3.72E+00	2.12E+01
			6107525000	4.30E+00	1.73E+01	3.70E+00	2.20E+01
			6107526250	4.26E+00	1.75E+01	3.62E+00	2.26E+01
			6107527500	4.34E+00	1.74E+01	3.69E+00	2.22E+01
			6107528750	4.26E+00	1.73E+01	3.82E+00	2.25E+01
			6107530000	4.28E+00	1.73E+01	3.59E+00	2.20E+01
			6107531250	4.26E+00	1.73E+01	3.97E+00	2.02E+01
			6107532500	4.31E+00	1.73E+01	3.64E+00	2.11E+01
			6107533750	4.29E+00	1.74E+01	3.52E+00	2.24E+01
			6107535000	4.30E+00	1.71E+01	3.54E+00	2.08E+01
			6107536250	4.27E+00	1.72E+01	3.64E+00	2.17E+01
			6107537500	4.26E+00	1.74E+01	3.67E+00	2.18E+01
			6107538750	4.27E+00	1.73E+01	3.65E+00	2.24E+01
			6107540000	4.31E+00	1.75E+01	3.42E+00	2.22E+01
			6107541250	4.31E+00	1.75E+01	3.80E+00	2.23E+01
			6107542500	4.31E+00	1.70E+01	3.63E+00	2.13E+01
			6107543750	4.27E+00	1.70E+01	3.64E+00	2.19E+01
			6107545000	4.28E+00	1.71E+01	3.99E+00	2.22E+01
			6107546250	4.27E+00	1.72E+01	3.70E+00	2.08E+01
			6107547500	4.28E+00	1.71E+01	3.69E+00	2.03E+01
			6107548750	4.30E+00	1.68E+01	3.59E+00	2.15E+01
			6107550000	4.29E+00	1.67E+01	3.74E+00	2.12E+01
			6107551250	4.28E+00	1.64E+01	3.78E+00	2.32E+01
			6107552500	4.30E+00	1.72E+01	3.61E+00	2.19E+01
			6107553750	4.29E+00	1.69E+01	3.68E+00	2.12E+01
			6107555000	4.30E+00	1.66E+01	3.75E+00	2.04E+01
			6107556250	4.30E+00	1.70E+01	3.83E+00	2.09E+01
			6107557500	4.33E+00	1.70E+01	3.78E+00	2.10E+01
			6107558750	4.29E+00	1.66E+01	3.77E+00	2.19E+01
			6107560000	4.31E+00	1.66E+01	3.68E+00	2.25E+01
			6107561250	4.29E+00	1.65E+01	3.78E+00	1.98E+01
			6107562500	4.31E+00	1.69E+01	3.78E+00	2.17E+01
			6107563750	4.24E+00	1.66E+01	3.84E+00	2.11E+01
			6107565000	4.28E+00	1.68E+01	3.79E+00	2.16E+01
			6107566250	4.29E+00	1.66E+01	3.79E+00	2.12E+01
			6107567500	4.29E+00	1.65E+01	3.87E+00	2.23E+01
			6107568750	4.27E+00	1.66E+01	3.79E+00	2.18E+01
			6107570000	4.29E+00	1.66E+01	3.73E+00	2.05E+01
			6107571250	4.30E+00	1.67E+01	3.54E+00	2.13E+01
			6107572500	4.30E+00	1.66E+01	3.82E+00	2.12E+01
			6107573750	4.31E+00	1.66E+01	3.54E+00	2.18E+01
			6107575000	4.30E+00	1.65E+01	3.95E+00	2.11E+01
			6107576250	4.33E+00	1.64E+01	3.64E+00	2.13E+01
			6107577500	4.27E+00	1.65E+01	3.54E+00	2.11E+01
			6107578750	4.29E+00	1.64E+01	3.79E+00	2.14E+01
			6107580000	4.37E+00	1.67E+01	3.73E+00	2.03E+01
			6107581250	4.29E+00	1.65E+01	3.59E+00	2.32E+01
			6107582500	4.35E+00	1.65E+01	3.65E+00	2.09E+01
			6107583750	4.29E+00	1.64E+01	3.70E+00	2.16E+01
			6107585000	4.31E+00	1.62E+01	3.77E+00	2.10E+01
			6107586250	4.28E+00	1.66E+01	3.53E+00	2.16E+01
			6107587500	4.34E+00	1.64E+01	3.66E+00	2.06E+01
			6107588750	4.32E+00	1.62E+01	3.86E+00	2.16E+01
			6107590000	4.31E+00	1.65E+01	3.82E+00	2.23E+01
			6107591250	4.33E+00	1.64E+01	3.64E+00	2.06E+01
			6107592500	4.33E+00	1.58E+01	3.71E+00	2.17E+01
			6107593750	4.31E+00	1.61E+01	3.70E+00	2.18E+01
			6107595000	4.29E+00	1.61E+01	3.75E+00	2.11E+01
			6107596250	4.33E+00	1.61E+01	3.71E+00	2.08E+01
			6107597500	4.33E+00	1.64E+01	3.53E+00	2.15E+01
			6107598750	4.32E+00	1.62E+01	3.73E+00	1.94E+01
			6107600000	4.35E+00	1.60E+01	3.81E+00	2.16E+01
			6107601250	4.32E+00	1.60E+01	3.66E+00	2.04E+01
			6107602500	4.35E+00	1.58E+01	4.02E+00	2.06E+01
			6107603750	4.31E+00	1.61E+01	3.84E+00	2.12E+01
			6107605000	4.33E+00	1.61E+01	3.47E+00	2.00E+01
			6107606250	4.28E+00	1.58E+01	3.86E+00	2.06E+01
			6107607500	4.33E+00	1.62E+01	3.79E+00	2.10E+01
			6107608750	4.36E+00	1.60E+01	3.62E+00	1.99E+01
			6107610000	4.31E+00	1.58E+01	3.83E+00	2.03E+01
			6107611250	4.31E+00	1.59E+01	3.83E+00	2.02E+01
			6107612500	4.31E+00	1.57E+01	3.71E+00	2.02E+01
			6107613750	4.33E+00	1.55E+01	3.80E+00	2.16E+01
			6107615000	4.32E+00	1.56E+01	3.61E+00	2.08E+01
			6107616250	4.33E+00	1.57E+01	3.73E+00	2.12E+01
			6107617500	4.39E+00	1.55E+01	3.85E+00	2.09E+01
			6107618750	4.29E+00	1.58E+01	3.72E+00	2.03E+01
			6107620000	4.32E+00	1.57E+01	3.60E+00	2.05E+01
			6107621250	4.31E+00	1.56E+01	3.73E+00	2.11E+01
			6107622500	4.33E+00	1.54E+01	3.65E+00	2.04E+01
			6107623750	4.34E+00	1.54E+01	3.58E+00	2.11E+01
			6107625000	4.35E+00	1.59E+01	3.92E+00	2.03E+01
			6107626250	4.33E+00	1.54E+01	3.58E+00	1.99E+01
			6107627500	4.34E+00	1.57E+01	3.69E+00	1.94E+01
			6107628750	4.34E+00	1.55E+01	3.63E+00	2.07E+01
			6107630000	4.34E+00	1.51E+01	3.71E+00	2.04E+01
			6107631250	4.32E+00	1.55E+01	3.65E+00	2.06E+01
			6107632500	4.33E+00	1.54E+01	3.68E+00	1.93E+01
			6107633750	4.36E+00	1.53E+01	3.83E+00	1.96E+01
			6107635000	4.34E+00	1.51E+01	3.56E+00	2.14E+01
			6107636250	4.35E+00	1.52E+01	3.75E+00	2.07E+01
			6107637500	4.34E+00	1.50E+01	3.76E+00	1.93E+01
			6107638750	4.38E+00	1.50E+01	3.56E+00	1.95E+01
			6107640000	4.33E+00	1.53E+01	3.62E+00	1.90E+01
			6107641250	4.38E+00	1.50E+01	3.74E+00	2.05E+01
			6107642500	4.36E+00	1.51E+01	3.63E+00	2.07E+01
			6107643750	4.33E+00	1.51E+01	3.67E+00	2.01E+01
			6107645000	4.33E+00	1.53E+01	3.79E+00	1.94E+01
			6107646250	4.36E+00	1.49E+01	3.59E+00	2.02E+01
			6107647500	4.35E+00	1.52E+01	3.70E+00	1.96E+01
			6107648750	4.38E+00	1.49E+01	3.80E+00	1.95E+01
			6107650000	4.36E+00	1.51E+01	3.54E+00	1.97E+01
			6107651250	4.36E+00	1.50E+01	3.63E+00	1.82E+01
			6107652500	4.39E+00	1.49E+01	3.72E+00	2.06E+01
			6107653750	4.34E+00	1.47E+01	3.84E+00	1.98E+01
			6107655000	4.32E+00	1.50E+01	3.69E+00	1.96E+01
			6107656250	4.37E+00	1.52E+01	3.58E+00	1.99E+01
			6107657500	4.37E+00	1.50E+01	3.69E+00	1.91E+01
			6107658750	4.38E+00	1.47E+01	3.59E+00	2.05E+01
			6107660000	4.37E+00	1.47E+01	3.68E+00	1.91E+01
			6107661250	4.36E+00	1.47E+01	3.50E+00	2.06E+01
			6107662500	4.37E+00	1.44E+01	3.47E+00	1.97E+01
			6107663750	4.39E+00	1.46E+01	3.62E+00	2.03E+01
			6107665000	4.37E+00	1.47E+01	3.75E+00	1.99E+01
			6107666250	4.36E+00	1.48E+01	3.82E+00	2.06E+01
			6107667500	4.38E+00	1.46E+01	3.67E+00	2.00E+01
			6107668750	4.35E+00	1.46E+01	3.70E+00	1.92E+01
			6107670000	4.36E+00	1.43E+01	3.64E+00	1.91E+01
			6107671250	4.42E+00	1.45E+01	3.86E+00	1.97E+01
			6107672500	4.38E+00	1.43E+01	3.49E+00	2.05E+01
			6107673750	4.40E+00	1.43E+01	3.66E+00	2.01E+01
			6107675000	4.39E+00	1.44E+01	3.45E+00	2.05E+01
			6107676250	4.41E+00	1.42E+01	3.53E+00	1.97E+01
			6107677500	4.39E+00	1.45E+01	3.52E+00	1.94E+01
			6107678750	4.38E+00	1.42E+01	3.60E+00	1.84E+01
			6107680000	4.39E+00	1.44E+01	3.64E+00	2.09E+01
			6107681250	4.36E+00	1.43E+01	3.54E+00	2.03E+01
			6107682500	4.39E+00	1.43E+01	3.63E+00	2.01E+01
			6107683750	4.38E+00	1.41E+01	3.81E+00	1.93E+01
			6107685000	4.38E+00	1.42E+01	3.54E+00	2.00E+01
			6107686250	4.41E+00	1.42E+01	3.64E+00	1.97E+01
			6107687500	4.43E+00	1.39E+01	3.63E+00	2.10E+01
			6107688750	4.40E+00	1.43E+01	3.79E+00	1.93E+01
			6107690000	4.39E+00	1.41E+01	3.70E+00	1.93E+01
			6107691250	4.40E+00	1.41E+01	3.74E+00	1.88E+01
			6107692500	4.37E+00	1.41E+01	3.63E+00	1.93E+01
			6107693750	4.38E+00	1.40E+01	3.87E+00	1.90E+01
			6107695000	4.39E+00	1.38E+01	3.59E+00	1.93E+01
			6107696250	4.33E+00	1.40E+01	3.66E+00	2.01E+01
			6107697500	4.35E+00	1.38E+01	3.61E+00	1.89E+01
			6107698750	4.39E+00	1.41E+01	3.68E+00	1.81E+01
			6107700000	4.35E+00	1.40E+01	3.58E+00	1.97E+01
			6107701250	4.39E+00	1.40E+01	3.85E+00	1.89E+01
			6107702500	4.43E+00	1.40E+01	3.75E+00	1.90E+01
			6107703750	4.42E+00	1.38E+01	3.71E+00	1.87E+01
			6107705000	4.40E+00	1.35E+01	3.68E+00	1.97E+01
			6107706250	4.40E+00	1.40E+01	3.76E+00	1.91E+01
			6107707500	4.43E+00	1.35E+01	3.76E+00	1.84E+01
			6107708750	4.36E+00	1.38E+01	3.70E+00	1.85E+01
			6107710000	4.35E+00	1.34E+01	3.73E+00	1.99E+01
			6107711250	4.38E+00	1.38E+01	3.66E+00	1.82E+01
			6107712500	4.36E+00	1.37E+01	3.62E+00	1.89E+01
			6107713750	4.44E+00	1.35E+01	3.69E+00	1.94E+01
			6107715000	4.43E+00	1.34E+01	3.57E+00	2.02E+01
			6107716250	4.41E+00	1.32E+01	3.69E+00	1.94E+01
			6107717500	4.42E+00	1.35E+01	3.68E+00	1.95E+01
			6107718750	4.42E+00	1.33E+01	3.77E+00	1.78E+01
			6107720000	4.40E+00	1.36E+01	3.66E+00	1.95E+01
			6107721250	4.43E+00	1.34E+01	3.58E+00	1.87E+01
			6107722500	4.37E+00	1.34E+01	3.67E+00	1.81E+01
			6107723750	4.43E+00	1.29E+01	3.79E+00	1.84E+01
			6107725000	4.40E+00	1.31E+01	3.71E+00	1.80E+01
			6107726250	4.45E+00	1.32E+01	3.48E+00	1.99E+01
			6107727500	4.41E+00	1.33E+01	3.65E+00	2.02E+01
			6107728750	4.36E+00	1.33E+01	3.77E+00	1.84E+01
			6107730000	4.42E+00	1.31E+01	3.71E+00	1.79E+01
			6107731250	4.47E+00	1.33E+01	3.62E+00	1.83E+01
			6107732500	4.40E+00	1.31E+01	3.63E+00	1.73E+01
			6107733750	4.45E+00	1.28E+01	3.85E+00	1.82E+01
			6107735000	4.39E+00	1.30E+01	3.62E+00	1.78E+01
			6107736250	4.44E+00	1.30E+01	3.78E+00	1.87E+01
			6107737500	4.39E+00	1.28E+01	3.64E+00	1.82E+01
			6107738750	4.43E+00	1.29E+01	3.61E+00	1.68E+01
			6107740000	4.43E+00	1.29E+01	3.67E+00	1.81E+01
			6107741250	4.45E+00	1.27E+01	3.80E+00	1.83E+01
			6107742500	4.42E+00	1.28E+01	3.60E+00	1.71E+01
			6107743750	4.44E+00	1.26E+01	3.62E+00	1.82E+01
			6107745000	4.42E+00	1.25E+01	3.94E+00	1.77E+01
			6107746250	4.48E+00	1.26E+01	3.63E+00	1.77E+01
			6107747500	4.45E+00	1.27E+01	3.68E+00	1.85E+01
			6107748750	4.45E+00	1.24E+01	3.57E+00	1.91E+01
			6107750000	4.43E+00	1.28E+01	3.86E+00	1.76E+01
			6107751250	4.43E+00	1.24E+01	3.71E+00	1.83E+01
			6107752500	4.46E+00	1.25E+01	3.66E+00	1.82E+01
			6107753750	4.39E+00	1.23E+01	3.42E+00	1.67E+01
			6107755000	4.43E+00	1.25E+01	3.57E+00	1.75E+01
			6107756250	4.44E+00	1.25E+01	3.55E+00	1.72E+01
			6107757500	4.42E+00	1.25E+01	3.89E+00	1.76E+01
			6107758750	4.44E+00	1.24E+01	3.77E+00	1.89E+01
			6107760000	4.48E+00	1.24E+01	3.68E+00	1.88E+01
			6107761250	4.46E+00	1.22E+01	3.83E+00	1.78E+01
			6107762500	4.46E+00	1.21E+01	3.50E+00	1.72E+01
			6107763750	4.49E+00	1.20E+01	3.80E+00	1.71E+01
			6107765000	4.46E+00	1.21E+01	3.66E+00	1.67E+01
			6107766250	4.46E+00	1.23E+01	3.56E+00	1.78E+01
			6107767500	4.48E+00	1.21E+01	3.78E+00	1.78E+01
			6107768750	4.43E+00	1.21E+01	3.49E+00	1.75E+01
			6107770000	4.49E+00	1.22E+01	3.90E+00	1.66E+01
			6107771250	4.44E+00	1.19E+01	3.65E+00	1.80E+01
			6107772500	4.43E+00	1.20E+01	3.68E+00	1.59E+01
			6107773750	4.48E+00	1.18E+01	3.71E+00	1.73E+01
			6107775000	4.45E+00	1.15E+01	3.66E+00	1.71E+01
			6107776250	4.49E+00	1.21E+01	3.55E+00	1.70E+01
			6107777500	4.44E+00	1.16E+01	3.65E+00	1.74E+01
			6107778750	4.48E+00	1.17E+01	3.79E+00	1.78E+01
			6107780000	4.47E+00	1.14E+01	3.64E+00	1.88E+01
			6107781250	4.48E+00	1.16E+01	3.72E+00	1.66E+01
			6107782500	4.47E+00	1.19E+01	3.89E+00	1.76E+01
			6107783750	4.43E+00	1.16E+01	3.57E+00	1.82E+01
			6107785000	4.50E+00	1.16E+01	3.85E+00	1.71E+01
			6107786250	4.48E+00	1.15E+01	3.68E+00	1.76E+01
			6107787500	4.45E+00	1.15E+01	3.46E+00	1.64E+01
			6107788750	4.49E+00	1.14E+01	3.44E+00	1.71E+01
			6107790000	4.47E+00	1.15E+01	3.56E+00	1.64E+01
			6107791250	4.48E+00	1.13E+01	3.59E+00	1.64E+01
			6107792500	4.46E+00	1.13E+01	3.55E+00	1.79E+01
			6107793750	4.48E+00	1.13E+01	3.68E+00	1.72E+01
			6107795000	4.48E+00	1.12E+01	3.61E+00	1.72E+01
			6107796250	4.52E+00	1.14E+01	3.67E+00	1.60E+01
			6107797500	4.47E+00	1.13E+01	3.57E+00	1.67E+01
			6107798750	4.49E+00	1.09E+01	3.59E+00	1.67E+01
			6107800000	4.52E+00	1.11E+01	3.71E+00	1.70E+01
			6107801250	4.45E+00	1.11E+01	3.60E+00	1.69E+01
			6107802500	4.51E+00	1.09E+01	3.57E+00	1.64E+01
			6107803750	4.50E+00	1.13E+01	3.40E+00	1.60E+01
			6107805000	4.51E+00	1.11E+01	3.36E+00	1.68E+01
			6107806250	4.50E+00	1.07E+01	3.56E+00	1.75E+01
			6107807500	4.54E+00	1.10E+01	3.66E+00	1.59E+01
			6107808750	4.49E+00	1.07E+01	3.65E+00	1.63E+01
			6107810000	4.46E+00	1.10E+01	3.89E+00	1.78E+01
			6107811250	4.52E+00	1.10E+01	3.59E+00	1.75E+01
			6107812500	4.52E+00	1.06E+01	3.70E+00	1.55E+01
			6107813750	4.51E+00	1.06E+01	3.63E+00	1.58E+01
			6107815000	4.46E+00	1.07E+01	3.66E+00	1.71E+01
			6107816250	4.48E+00	1.04E+01	3.66E+00	1.61E+01
			6107817500	4.50E+00	1.07E+01	3.59E+00	1.75E+01
			6107818750	4.49E+00	1.07E+01	3.81E+00	1.67E+01
			6107820000	4.52E+00	1.03E+01	3.62E+00	1.51E+01
			6107821250	4.54E+00	1.04E+01	3.48E+00	1.52E+01
			6107822500	4.52E+00	1.04E+01	3.59E+00	1.71E+01
			6107823750	4.55E+00	1.02E+01	3.48E+00	1.66E+01
			6107825000	4.57E+00	1.03E+01	3.66E+00	1.73E+01
			6107826250	4.56E+00	1.05E+01	3.60E+00	1.65E+01
			6107827500	4.54E+00	1.02E+01	3.56E+00	1.59E+01
			6107828750	4.53E+00	1.04E+01	3.63E+00	1.69E+01
			6107830000	4.50E+00	9.84E+00	3.70E+00	1.65E+01
			6107831250	4.49E+00	9.93E+00	3.59E+00	1.52E+01
			6107832500	4.50E+00	1.00E+01	3.66E+00	1.67E+01
			6107833750	4.52E+00	1.01E+01	3.51E+00	1.68E+01
			6107835000	4.53E+00	9.72E+00	3.64E+00	1.68E+01
			6107836250	4.57E+00	1.02E+01	3.64E+00	1.70E+01
			6107837500	4.56E+00	9.69E+00	3.59E+00	1.69E+01
			6107838750	4.53E+00	1.00E+01	3.62E+00	1.75E+01
			6107840000	4.53E+00	9.99E+00	3.68E+00	1.63E+01
			6107841250	4.51E+00	9.83E+00	3.74E+00	1.64E+01
			6107842500	4.56E+00	9.99E+00	3.75E+00	1.64E+01
			6107843750	4.51E+00	9.68E+00	3.43E+00	1.55E+01
			6107845000	4.55E+00	9.64E+00	3.46E+00	1.59E+01
			6107846250	4.54E+00	9.67E+00	3.68E+00	1.61E+01
			6107847500	4.53E+00	9.33E+00	3.56E+00	1.53E+01
			6107848750	4.59E+00	9.47E+00	3.52E+00	1.61E+01
			6107850000	4.58E+00	9.29E+00	3.41E+00	1.68E+01
			6107851250	4.58E+00	9.16E+00	3.72E+00	1.74E+01
			6107852500	4.55E+00	9.41E+00	3.56E+00	1.57E+01
			6107853750	4.56E+00	9.23E+00	3.64E+00	1.59E+01
			6107855000	4.57E+00	9.18E+00	3.60E+00	1.63E+01
			6107856250	4.62E+00	9.34E+00	3.58E+00	1.42E+01
			6107857500	4.54E+00	9.31E+00	3.62E+00	1.54E+01
			6107858750	4.55E+00	9.09E+00	3.47E+00	1.54E+01
			6107860000	4.52E+00	9.04E+00	3.45E+00	1.42E+01
			6107861250	4.56E+00	9.11E+00	3.66E+00	1.53E+01
			6107862500	4.54E+00	8.91E+00	3.42E+00	1.60E+01
			6107863750	4.56E+00	9.05E+00	3.56E+00	1.63E+01
			6107865000	4.55E+00	8.91E+00	3.66E+00	1.60E+01
			6107866250	4.58E+00	8.65E+00	3.66E+00	1.55E+01
			6107867500	4.61E+00	8.92E+00	3.44E+00	1.51E+01
			6107868750	4.56E+00	8.88E+00	3.67E+00	1.52E+01
			6107870000	4.59E+00	8.72E+00	3.64E+00	1.57E+01
			6107871250	4.58E+00	8.75E+00	3.68E+00	1.46E+01
			6107872500	4.59E+00	8.50E+00	3.58E+00	1.66E+01
			6107873750	4.61E+00	8.69E+00	3.61E+00	1.57E+01
			6107875000	4.58E+00	8.64E+00	3.61E+00	1.57E+01
			6107876250	4.60E+00	8.67E+00	3.64E+00	1.66E+01
			6107877500	4.60E+00	8.44E+00	3.54E+00	1.46E+01
			6107878750	4.60E+00	8.21E+00	3.46E+00	1.55E+01
			6107880000	4.59E+00	8.23E+00	3.56E+00	1.43E+01
			6107881250	4.59E+00	8.41E+00	3.61E+00	1.41E+01
			6107882500	4.59E+00	8.17E+00	3.75E+00	1.45E+01
			6107883750	4.59E+00	8.46E+00	3.41E+00	1.41E+01
			6107885000	4.62E+00	8.14E+00	3.63E+00	1.40E+01
			6107886250	4.61E+00	8.08E+00	3.61E+00	1.57E+01
			6107887500	4.58E+00	8.05E+00	3.61E+00	1.52E+01
			6107888750	4.61E+00	8.04E+00	3.51E+00	1.52E+01
			6107890000	4.60E+00	7.94E+00	3.42E+00	1.54E+01
			6107891250	4.65E+00	7.93E+00	3.62E+00	1.39E+01
			6107892500	4.61E+00	7.52E+00	3.74E+00	1.48E+01
			6107893750	4.61E+00	8.13E+00	3.53E+00	1.41E+01
			6107895000	4.61E+00	7.64E+00	3.59E+00	1.34E+01
			6107896250	4.57E+00	7.60E+00	3.47E+00	1.46E+01
			6107897500	4.63E+00	7.54E+00	3.74E+00	1.39E+01
			6107898750	4.61E+00	7.35E+00	3.50E+00	1.40E+01
			6107900000	4.64E+00	7.63E+00	3.42E+00	1.49E+01
			6107901250	4.61E+00	7.53E+00	3.67E+00	1.48E+01
			6107902500	4.64E+00	7.42E+00	3.47E+00	1.43E+01
			6107903750	4.62E+00	7.40E+00	3.63E+00	1.36E+01
			6107905000	4.65E+00	7.14E+00	3.60E+00	1.32E+01
			6107906250	4.63E+00	7.35E+00	3.50E+00	1.52E+01
			6107907500	4.60E+00	7.28E+00	3.38E+00	1.46E+01
			6107908750	4.64E+00	7.49E+00	3.29E+00	1.43E+01
			6107910000	4.64E+00	7.09E+00	3.46E+00	1.54E+01
			6107911250	4.64E+00	7.14E+00	3.41E+00	1.43E+01
			6107912500	4.63E+00	7.07E+00	3.55E+00	1.51E+01
			6107913750	4.62E+00	6.76E+00	3.62E+00	1.46E+01
			6107915000	4.66E+00	6.82E+00	3.57E+00	1.45E+01
			6107916250	4.65E+00	6.67E+00	3.48E+00	1.30E+01
			6107917500	4.66E+00	6.80E+00	3.51E+00	1.42E+01
			6107918750	4.65E+00	6.60E+00	3.51E+00	1.26E+01
			6107920000	4.67E+00	6.57E+00	3.49E+00	1.34E+01
			6107921250	4.66E+00	6.79E+00	3.67E+00	1.37E+01
			6107922500	4.69E+00	6.46E+00	3.83E+00	1.38E+01
			6107923750	4.70E+00	6.68E+00	3.66E+00	1.31E+01
			6107925000	4.66E+00	6.55E+00	3.47E+00	1.29E+01
			6107926250	4.67E+00	6.21E+00	3.68E+00	1.46E+01
			6107927500	4.62E+00	6.10E+00	3.50E+00	1.39E+01
			6107928750	4.68E+00	6.32E+00	3.57E+00	1.37E+01
			6107930000	4.69E+00	6.15E+00	3.47E+00	1.36E+01
			6107931250	4.67E+00	6.44E+00	3.49E+00	1.37E+01
			6107932500	4.65E+00	6.02E+00	3.49E+00	1.25E+01
			6107933750	4.63E+00	5.76E+00	3.63E+00	1.21E+01
			6107935000	4.67E+00	5.98E+00	3.55E+00	1.24E+01
			6107936250	4.63E+00	5.85E+00	3.60E+00	1.31E+01
			6107937500	4.66E+00	5.80E+00	3.62E+00	1.28E+01
			6107938750	4.68E+00	5.61E+00	3.45E+00	1.24E+01
			6107940000	4.69E+00	5.90E+00	3.44E+00	1.32E+01
			6107941250	4.65E+00	5.53E+00	3.52E+00	1.23E+01
			6107942500	4.71E+00	5.53E+00	3.48E+00	1.34E+01
			6107943750	4.69E+00	5.52E+00	3.37E+00	1.24E+01
			6107945000	4.70E+00	5.49E+00	3.73E+00	1.26E+01
			6107946250	4.65E+00	5.39E+00	3.58E+00	1.22E+01
			6107947500	4.65E+00	5.25E+00	3.44E+00	1.22E+01
			6107948750	4.68E+00	5.16E+00	3.82E+00	1.23E+01
			6107950000	4.73E+00	5.20E+00	3.45E+00	1.24E+01
			6107951250	4.68E+00	5.17E+00	3.39E+00	1.28E+01
			6107952500	4.73E+00	5.18E+00	3.40E+00	1.39E+01
			6107953750	4.72E+00	4.88E+00	3.52E+00	1.38E+01
			6107955000	4.73E+00	4.99E+00	3.58E+00	1.28E+01
			6107956250	4.74E+00	5.16E+00	3.57E+00	1.28E+01
			6107957500	4.65E+00	4.77E+00	3.37E+00	1.37E+01
			6107958750	4.73E+00	4.56E+00	3.54E+00	1.41E+01
			6107960000	4.72E+00	4.63E+00	3.55E+00	1.29E+01
			6107961250	4.69E+00	4.78E+00	3.50E+00	1.34E+01
			6107962500	4.72E+00	4.21E+00	3.52E+00	1.27E+01
			6107963750	4.72E+00	4.56E+00	3.34E+00	1.10E+01
			6107965000	4.75E+00	4.44E+00	3.39E+00	1.26E+01
			6107966250	4.75E+00	4.43E+00	3.56E+00	1.22E+01
			6107967500	4.75E+00	4.42E+00	3.53E+00	1.23E+01
			6107968750	4.73E+00	4.24E+00	3.56E+00	1.34E+01
			6107970000	4.75E+00	4.14E+00	3.47E+00	1.23E+01
			6107971250	4.74E+00	4.03E+00	3.36E+00	1.18E+01
			6107972500	4.72E+00	3.97E+00	3.64E+00	1.19E+01
			6107973750	4.68E+00	3.90E+00	3.61E+00	1.16E+01
			6107975000	4.72E+00	3.79E+00	3.45E+00	1.16E+01
			6107976250	4.74E+00	3.45E+00	3.58E+00	1.12E+01
			6107977500	4.74E+00	3.75E+00	3.44E+00	1.09E+01
			6107978750	4.76E+00	3.31E+00	3.55E+00	1.17E+01
			6107980000	4.73E+00	3.48E+00	3.56E+00	1.16E+01
			6107981250	4.73E+00	3.39E+00	3.29E+00	1.02E+01
			6107982500	4.72E+00	3.09E+00	3.55E+00	1.09E+01
			6107983750	4.76E+00	3.22E+00	3.43E+00	1.15E+01
			6107985000	4.73E+00	3.18E+00	3.46E+00	1.14E+01
			6107986250	4.74E+00	3.33E+00	3.38E+00	1.01E+01
			6107987500	4.77E+00	2.93E+00	3.29E+00	1.07E+01
			6107988750	4.76E+00	2.95E+00	3.49E+00	1.03E+01
			6107990000	4.77E+00	3.00E+00	3.34E+00	1.04E+01
			6107991250	4.71E+00	2.72E+00	3.53E+00	1.14E+01
			6107992500	4.72E+00	2.56E+00	3.34E+00	1.20E+01
			6107993750	4.74E+00	2.79E+00	3.25E+00	9.61E+00
			6107995000	4.74E+00	2.45E+00	3.40E+00	1.02E+01
			6107996250	4.74E+00	2.59E+00	3.55E+00	1.05E+01
			6107997500	4.75E+00	2.46E+00	3.26E+00	1.15E+01
			6107998750	4.76E+00	2.31E+00	3.49E+00	1.08E+01
			6108000000	4.72E+00	2.31E+00	3.37E+00	1.03E+01
			6108001250	4.76E+00	2.34E+00	3.55E+00	9.72E+00
			6108002500	4.75E+00	2.02E+00	3.13E+00	8.48E+00
			6108003750	4.76E+00	1.78E+00	3.26E+00	9.73E+00
			6108005000	4.78E+00	2.24E+00	3.51E+00	1.02E+01
			6108006250	4.74E+00	1.82E+00	3.51E+00	1.03E+01
			6108007500	4.73E+00	1.68E+00	3.50E+00	1.11E+01
			6108008750	4.74E+00	1.77E+00	3.37E+00	9.50E+00
			6108010000	4.74E+00	1.55E+00	3.46E+00	9.72E+00
			6108011250	4.76E+00	1.24E+00	3.43E+00	8.15E+00
			6108012500	4.77E+00	1.65E+00	3.46E+00	1.08E+01
			6108013750	4.77E+00	1.25E+00	3.42E+00	9.30E+00
			6108015000	4.75E+00	1.01E+00	3.60E+00	9.64E+00
			6108016250	4.73E+00	1.19E+00	3.23E+00	9.43E+00
			6108017500	4.75E+00	7.64E-01	3.38E+00	7.58E+00
			6108018750	4.79E+00	1.03E+00	3.38E+00	8.45E+00
			6108020000	4.77E+00	8.55E-01	3.20E+00	1.03E+01
			6108021250	4.75E+00	7.55E-01	3.28E+00	8.54E+00
			6108022500	4.76E+00	7.20E-01	3.30E+00	8.50E+00
			6108023750	4.76E+00	6.99E-01	3.46E+00	7.91E+00
			6108025000	4.73E+00	5.79E-01	3.30E+00	9.55E+00
			6108026250	4.74E+00	5.54E-01	3.32E+00	7.55E+00
			6108027500	4.78E+00	5.84E-01	3.34E+00	6.95E+00
			6108028750	4.79E+00	2.73E-01	3.38E+00	8.33E+00
			6108030000	4.80E+00	5.46E-02	3.42E+00	8.22E+00
			6108031250	4.74E+00	-6.31E-02	3.21E+00	7.07E+00
			6108032500	4.76E+00	2.98E-01	3.54E+00	7.99E+00
			6108033750	4.76E+00	-9.55E-02	3.48E+00	8.70E+00
			6108035000	4.78E+00	-2.66E-01	3.10E+00	7.42E+00
			6108036250	4.76E+00	-3.49E-01	3.50E+00	6.78E+00
			6108037500	4.73E+00	-6.61E-01	3.19E+00	7.33E+00
			6108038750	4.76E+00	-5.63E-01	3.12E+00	7.34E+00
			6108040000	4.78E+00	-8.19E-01	3.42E+00	8.28E+00
			6108041250	4.74E+00	-4.98E-01	3.32E+00	6.73E+00
			6108042500	4.75E+00	-9.38E-01	3.44E+00	7.45E+00
			6108043750	4.74E+00	-9.32E-01	3.28E+00	6.05E+00
			6108045000	4.75E+00	-8.82E-01	3.31E+00	7.21E+00
			6108046250	4.70E+00	-1.47E+00	3.31E+00	5.84E+00
			6108047500	4.70E+00	-1.44E+00	3.21E+00	5.28E+00
			6108048750	4.79E+00	-1.66E+00	3.14E+00	7.17E+00
			6108050000	4.76E+00	-1.92E+00	3.15E+00	7.98E+00
			6108051250	4.73E+00	-1.79E+00	3.38E+00	6.68E+00
			6108052500	4.75E+00	-1.85E+00	3.31E+00	5.48E+00
			6108053750	4.77E+00	-2.31E+00	3.39E+00	6.26E+00
			6108055000	4.70E+00	-2.21E+00	3.22E+00	5.83E+00
			6108056250	4.78E+00	-2.37E+00	3.39E+00	5.49E+00
			6108057500	4.72E+00	-2.56E+00	3.34E+00	6.39E+00
			6108058750	4.69E+00	-2.67E+00	3.46E+00	6.35E+00
			6108060000	4.73E+00	-2.59E+00	3.16E+00	6.42E+00
			6108061250	4.77E+00	-2.33E+00	3.14E+00	5.04E+00
			6108062500	4.75E+00	-3.17E+00	3.20E+00	4.08E+00
			6108063750	4.77E+00	-3.23E+00	3.30E+00	4.05E+00
			6108065000	4.80E+00	-3.24E+00	3.24E+00	5.47E+00
			6108066250	4.73E+00	-3.73E+00	3.21E+00	4.85E+00
			6108067500	4.77E+00	-3.47E+00	3.17E+00	4.60E+00
			6108068750	4.73E+00	-3.55E+00	3.16E+00	5.22E+00
			6108070000	4.76E+00	-4.01E+00	3.13E+00	3.25E+00
			6108071250	4.79E+00	-4.01E+00	3.38E+00	4.42E+00
			6108072500	4.70E+00	-3.96E+00	3.13E+00	4.36E+00
			6108073750	4.77E+00	-4.35E+00	3.04E+00	4.39E+00
			6108075000	4.74E+00	-4.91E+00	3.18E+00	3.77E+00
			6108076250	4.73E+00	-4.91E+00	3.24E+00	4.50E+00
			6108077500	4.76E+00	-4.88E+00	3.10E+00	3.14E+00
			6108078750	4.71E+00	-5.49E+00	3.21E+00	3.16E+00
			6108080000	4.75E+00	-5.39E+00	3.43E+00	3.33E+00
			6108081250	4.81E+00	-5.57E+00	3.19E+00	3.58E+00
			6108082500	4.76E+00	-5.63E+00	2.99E+00	1.15E+00
			6108083750	4.77E+00	-6.08E+00	3.16E+00	2.69E+00
			6108085000	4.75E+00	-6.31E+00	3.22E+00	1.12E+00
			6108086250	4.74E+00	-6.19E+00	3.23E+00	2.17E+00
			6108087500	4.73E+00	-6.87E+00	3.03E+00	2.60E+00
			6108088750	4.73E+00	-6.92E+00	3.11E+00	7.57E-01
			6108090000	4.74E+00	-7.56E+00	2.91E+00	2.26E+00
			6108091250	4.74E+00	-7.76E+00	3.00E+00	1.42E+00
			6108092500	4.79E+00	-8.38E+00	3.12E+00	-2.19E-01
			6108093750	4.73E+00	-8.44E+00	3.23E+00	5.27E-01
			6108095000	4.70E+00	-8.84E+00	2.98E+00	5.54E-01
			6108096250	4.73E+00	-9.24E+00	3.06E+00	2.33E+00
			6108097500	4.70E+00	-9.67E+00	3.27E+00	3.12E-01
			6108098750	4.73E+00	-1.00E+01	3.25E+00	1.00E+00
			6108100000	4.73E+00	-1.04E+01	3.04E+00	5.13E-01
			6108101250	4.78E+00	-1.09E+01	2.97E+00	-4.32E-02
			6108102500	4.75E+00	-1.17E+01	3.00E+00	3.22E-02
			6108103750	4.75E+00	-1.21E+01	2.80E+00	-7.73E-02
			6108105000	4.78E+00	-1.22E+01	2.77E+00	-1.21E+00
			6108106250	4.78E+00	-1.32E+01	2.98E+00	-2.41E+00
			6108107500	4.76E+00	-1.36E+01	2.95E+00	-7.64E-01
			6108108750	4.76E+00	-1.43E+01	3.02E+00	-1.42E+00
			6108110000	4.77E+00	-1.48E+01	2.91E+00	-3.06E+00
			6108111250	4.77E+00	-1.52E+01	2.99E+00	-2.98E+00
			6108112500	4.78E+00	-1.58E+01	2.78E+00	-2.18E+00
			6108113750	4.77E+00	-1.61E+01	2.73E+00	-3.06E+00
			6108115000	4.80E+00	-1.65E+01	2.81E+00	-1.84E+00
			6108116250	4.80E+00	-1.71E+01	3.04E+00	-3.15E+00
			6108117500	4.79E+00	-1.78E+01	2.60E+00	-3.50E+00
			6108118750	4.80E+00	-1.77E+01	2.68E+00	-4.92E+00
			6108120000	4.81E+00	-1.80E+01	2.92E+00	-4.41E+00
			6108121250	4.78E+00	-1.81E+01	2.68E+00	-4.79E+00
			6108122500	4.79E+00	-1.84E+01	2.73E+00	-4.92E+00
			6108123750	4.81E+00	-1.87E+01	2.72E+00	-5.08E+00
			6108125000	4.78E+00	-1.87E+01	2.55E+00	-4.95E+00
			6108126250	4.82E+00	-1.91E+01	2.73E+00	-4.87E+00
			6108127500	4.79E+00	-1.94E+01	2.81E+00	-6.27E+00
			6108128750	4.78E+00	-1.94E+01	2.61E+00	-8.43E+00
			6108130000	4.79E+00	-1.93E+01	2.58E+00	-5.67E+00
			6108131250	4.78E+00	-1.96E+01	2.50E+00	-5.99E+00
			6108132500	4.77E+00	-1.96E+01	2.62E+00	-6.06E+00
			6108133750	4.81E+00	-2.00E+01	2.33E+00	-8.81E+00
			6108135000	4.78E+00	-1.99E+01	2.47E+00	-8.27E+00
			6108136250	4.78E+00	-2.02E+01	2.66E+00	-8.50E+00
			6108137500	4.79E+00	-2.04E+01	2.42E+00	-8.33E+00
			6108138750	4.77E+00	-2.06E+01	2.60E+00	-7.99E+00
			6108140000	4.80E+00	-2.05E+01	2.51E+00	-8.20E+00
			6108141250	4.78E+00	-2.11E+01	2.44E+00	-1.01E+01
			6108142500	4.76E+00	-2.12E+01	2.35E+00	-1.08E+01
			6108143750	4.79E+00	-2.10E+01	2.34E+00	-9.39E+00
			6108145000	4.77E+00	-2.14E+01	2.23E+00	-1.17E+01
			6108146250	4.75E+00	-2.19E+01	2.16E+00	-1.39E+01
			6108147500	4.76E+00	-2.20E+01	2.40E+00	-1.12E+01
			6108148750	4.74E+00	-2.23E+01	2.37E+00	-1.25E+01
			6108150000	4.77E+00	-2.23E+01	2.24E+00	-1.26E+01
			6108151250	4.73E+00	-2.26E+01	2.14E+00	-1.49E+01
			6108152500	4.65E+00	-2.30E+01	1.94E+00	-1.37E+01
			6108153750	4.65E+00	-2.34E+01	2.06E+00	-1.42E+01
			6108155000	4.70E+00	-2.40E+01	1.98E+00	-1.43E+01
			6108156250	4.65E+00	-2.40E+01	2.04E+00	-1.50E+01
			6108157500	4.62E+00	-2.48E+01	2.03E+00	-1.44E+01
			6108158750	4.62E+00	-2.52E+01	2.07E+00	-1.37E+01
			6108160000	4.54E+00	-2.56E+01	1.76E+00	-1.60E+01
			6108161250	4.58E+00	-2.65E+01	1.72E+00	-1.69E+01
			6108162500	4.52E+00	-2.70E+01	2.02E+00	-1.82E+01
			6108163750	4.50E+00	-2.77E+01	1.66E+00	-1.72E+01
			6108165000	4.45E+00	-2.87E+01	1.76E+00	-1.79E+01
			6108166250	4.32E+00	-2.96E+01	1.74E+00	-1.79E+01
			6108167500	4.28E+00	-3.06E+01	1.59E+00	-1.83E+01
			6108168750	4.26E+00	-3.14E+01	1.36E+00	-1.83E+01
			6108170000	4.16E+00	-3.26E+01	1.31E+00	-1.92E+01
			6108171250	4.10E+00	-3.38E+01	1.05E+00	-2.08E+01
			6108172500	4.07E+00	-3.46E+01	1.40E+00	-1.74E+01
			6108173750	4.07E+00	-3.54E+01	1.53E+00	-1.96E+01
			6108175000	3.97E+00	-3.67E+01	1.37E+00	-1.93E+01
			6108176250	3.95E+00	-3.68E+01	1.22E+00	-2.11E+01
			6108177500	3.84E+00	-3.74E+01	1.09E+00	-2.13E+01
			6108178750	3.85E+00	-3.82E+01	1.01E+00	-2.25E+01
			6108180000	3.74E+00	-3.91E+01	9.14E-01	-2.04E+01
			6108181250	3.65E+00	-4.02E+01	9.68E-01	-2.17E+01
			6108182500	3.57E+00	-4.07E+01	1.23E+00	-2.06E+01
			6108183750	3.58E+00	-4.10E+01	8.35E-01	-2.16E+01
			6108185000	3.44E+00	-4.20E+01	6.14E-01	-2.37E+01
			6108186250	3.28E+00	-4.26E+01	4.61E-01	-2.14E+01
			6108187500	3.30E+00	-4.33E+01	5.01E-01	-2.32E+01
			6108188750	3.22E+00	-4.41E+01	5.06E-01	-2.42E+01
			6108190000	3.10E+00	-4.45E+01	3.85E-01	-2.27E+01
			6108191250	3.01E+00	-4.60E+01	5.22E-01	-2.12E+01
			6108192500	2.92E+00	-4.62E+01	1.50E-01	-2.38E+01
			6108193750	2.84E+00	-4.68E+01	-7.37E-02	-2.31E+01
			6108195000	2.71E+00	-4.71E+01	-8.49E-02	-2.20E+01
			6108196250	2.54E+00	-4.82E+01	-5.94E-01	-2.21E+01
			6108197500	2.42E+00	-4.88E+01	-4.87E-01	-2.33E+01
			6108198750	2.30E+00	-4.98E+01	-3.91E-01	-2.27E+01
			6108200000	2.13E+00	-5.04E+01	-5.32E-01	-2.42E+01
			6108201250	1.98E+00	-5.17E+01	-5.64E-01	-2.10E+01
			6108202500	1.83E+00	-5.19E+01	-5.89E-01	-2.27E+01
			6108203750	1.57E+00	-5.28E+01	-1.15E+00	-2.23E+01
			6108205000	1.45E+00	-5.37E+01	-1.14E+00	-2.26E+01
			6108206250	1.30E+00	-5.49E+01	-1.41E+00	-2.12E+01
			6108207500	1.01E+00	-5.59E+01	-9.49E-01	-1.98E+01
			6108208750	8.89E-01	-5.66E+01	-1.20E+00	-2.13E+01
			6108210000	5.97E-01	-5.75E+01	-1.37E+00	-2.21E+01
			6108211250	3.48E-01	-5.82E+01	-1.64E+00	-2.09E+01
			6108212500	1.25E-01	-5.89E+01	-1.60E+00	-2.06E+01
			6108213750	-1.11E-01	-6.00E+01	-1.70E+00	-1.73E+01
			6108215000	-3.71E-01	-6.07E+01	-1.99E+00	-1.91E+01
			6108216250	-6.36E-01	-6.11E+01	-1.56E+00	-1.78E+01
			6108217500	-8.68E-01	-6.18E+01	-2.03E+00	-1.81E+01
			6108218750	-1.12E+00	-6.25E+01	-2.05E+00	-1.58E+01
			6108220000	-1.39E+00	-6.27E+01	-2.09E+00	-1.36E+01
			6108221250	-1.64E+00	-6.27E+01	-1.97E+00	-1.51E+01
			6108222500	-1.97E+00	-6.40E+01	-1.88E+00	-1.17E+01
			6108223750	-2.24E+00	-6.45E+01	-2.22E+00	-1.04E+01
			6108225000	-2.62E+00	-6.42E+01	-2.24E+00	-1.09E+01
			6108226250	-2.88E+00	-6.44E+01	-2.64E+00	-9.66E+00
			6108227500	-3.25E+00	-6.48E+01	-1.98E+00	-8.13E+00
			6108228750	-3.53E+00	-6.47E+01	-2.25E+00	-9.23E+00
			6108230000	-3.85E+00	-6.59E+01	-2.15E+00	-6.98E+00
			6108231250	-4.27E+00	-6.57E+01	-2.17E+00	-4.07E+00
			6108232500	-4.64E+00	-6.53E+01	-2.58E+00	-5.76E+00
			6108233750	-5.07E+00	-6.48E+01	-2.19E+00	-3.47E+00
			6108235000	-5.61E+00	-6.38E+01	-2.18E+00	-2.74E+00
			6108236250	-6.00E+00	-6.46E+01	-2.48E+00	-2.28E+00
			6108237500	-6.25E+00	-6.34E+01	-2.33E+00	-5.24E-01
			6108238750	-6.99E+00	-6.27E+01	-1.89E+00	-2.38E-01
			6108240000	-7.62E+00	-6.25E+01	-2.11E+00	3.71E+00
			6108241250	-8.39E+00	-6.19E+01	-2.16E+00	2.16E+00
			6108242500	-8.87E+00	-5.99E+01	-1.66E+00	7.03E+00
			6108243750	-9.28E+00	-5.66E+01	-1.38E+00	4.67E+00
			6108245000	-9.89E+00	-5.42E+01	-2.08E+00	3.55E+00
			6108246250	-1.09E+01	-5.05E+01	-9.76E-01	3.28E+00
			6108247500	-1.14E+01	-4.80E+01	-1.51E+00	5.57E+00
			6108248750	-1.22E+01	-4.14E+01	-1.74E+00	8.01E+00
			6108250000	-1.26E+01	-3.77E+01	-1.15E+00	7.52E+00
			6108251250	-1.33E+01	-3.27E+01	-1.25E+00	8.97E+00
			6108252500	-1.34E+01	-2.77E+01	-1.40E+00	6.61E+00
			6108253750	-1.34E+01	-1.90E+01	-1.03E+00	1.02E+01
			6108255000	-1.40E+01	-1.30E+01	-7.74E-01	1.07E+01
			6108256250	-1.37E+01	-7.85E+00	-8.29E-01	1.14E+01
			6108257500	-1.33E+01	-3.32E+00	-8.23E-01	1.09E+01
			6108258750	-1.30E+01	1.58E+00	-6.05E-01	8.72E+00
			6108260000	-1.27E+01	1.34E+00	-6.39E-01	1.33E+01
			6108261250	-1.27E+01	1.14E+01	-7.47E-01	1.28E+01
			6108262500	-1.17E+01	9.54E+00	-4.03E-01	1.28E+01
			6108263750	-1.15E+01	1.50E+01	-4.59E-01	1.16E+01
			6108265000	-1.16E+01	1.54E+01	-3.06E-01	1.43E+01
			6108266250	-1.10E+01	1.69E+01	-2.29E-01	1.35E+01
			6108267500	-1.07E+01	2.03E+01	3.81E-02	1.31E+01
			6108268750	-1.07E+01	1.94E+01	-3.28E-01	1.44E+01
			6108270000	-9.95E+00	2.30E+01	-2.35E-01	1.68E+01
			6108271250	-1.03E+01	2.27E+01	3.45E-01	1.35E+01
			6108272500	-9.76E+00	2.36E+01	2.83E-01	1.46E+01
			6108273750	-9.68E+00	2.50E+01	1.01E-01	1.55E+01
			6108275000	-9.36E+00	2.77E+01	1.35E-01	1.63E+01
			6108276250	-8.88E+00	2.88E+01	3.05E-01	1.39E+01
			6108277500	-8.75E+00	2.88E+01	5.76E-01	1.41E+01
			6108278750	-8.26E+00	2.94E+01	3.78E-01	1.66E+01
			6108280000	-7.92E+00	2.95E+01	7.02E-01	1.60E+01
			6108281250	-7.73E+00	3.07E+01	3.53E-01	1.55E+01
			6108282500	-7.50E+00	3.21E+01	7.43E-01	1.50E+01
			6108283750	-7.00E+00	3.27E+01	7.11E-01	1.52E+01
			6108285000	-6.87E+00	3.39E+01	8.54E-01	1.49E+01
			6108286250	-6.04E+00	3.42E+01	4.83E-01	1.60E+01
			6108287500	-5.69E+00	3.41E+01	5.61E-01	1.68E+01
			6108288750	-5.15E+00	3.52E+01	7.17E-01	1.65E+01
			6108290000	-4.72E+00	3.47E+01	9.54E-01	1.64E+01
			6108291250	-4.02E+00	3.43E+01	9.38E-01	1.47E+01
			6108292500	-3.66E+00	3.51E+01	7.69E-01	1.53E+01
			6108293750	-3.25E+00	3.56E+01	6.88E-01	1.90E+01
			6108295000	-3.13E+00	3.45E+01	7.23E-01	1.53E+01
			6108296250	-2.76E+00	3.41E+01	1.04E+00	1.70E+01
			6108297500	-2.70E+00	3.44E+01	1.43E+00	1.65E+01
			6108298750	-2.49E+00	3.45E+01	1.54E+00	1.73E+01
			6108300000	-2.39E+00	3.43E+01	1.18E+00	1.64E+01
			6108301250	-2.23E+00	3.41E+01	1.13E+00	1.69E+01
			6108302500	-2.21E+00	3.41E+01	1.24E+00	1.79E+01
			6108303750	-2.20E+00	3.35E+01	1.13E+00	1.56E+01
			6108305000	-2.12E+00	3.41E+01	1.29E+00	1.74E+01
			6108306250	-2.03E+00	3.36E+01	1.33E+00	1.51E+01
			6108307500	-1.92E+00	3.31E+01	1.53E+00	1.75E+01
			6108308750	-1.85E+00	3.32E+01	1.50E+00	1.75E+01
			6108310000	-1.91E+00	3.27E+01	1.61E+00	1.55E+01
			6108311250	-1.79E+00	3.29E+01	1.80E+00	1.70E+01
			6108312500	-1.76E+00	3.26E+01	1.65E+00	1.75E+01
			6108313750	-1.71E+00	3.28E+01	1.83E+00	1.82E+01
			6108315000	-1.59E+00	3.26E+01	1.69E+00	1.81E+01
			6108316250	-1.54E+00	3.30E+01	1.79E+00	1.82E+01
			6108317500	-1.58E+00	3.26E+01	1.51E+00	1.94E+01
			6108318750	-1.48E+00	3.24E+01	1.51E+00	1.68E+01
			6108320000	-1.43E+00	3.19E+01	1.93E+00	1.72E+01
			6108321250	-1.35E+00	3.23E+01	1.41E+00	1.66E+01
			6108322500	-1.31E+00	3.21E+01	1.82E+00	1.52E+01
			6108323750	-1.38E+00	3.15E+01	1.88E+00	1.84E+01
			6108325000	-1.20E+00	3.15E+01	1.68E+00	1.67E+01
			6108326250	-1.19E+00	3.20E+01	1.79E+00	1.74E+01
			6108327500	-1.21E+00	3.23E+01	2.01E+00	1.83E+01
			6108328750	-1.11E+00	3.20E+01	1.87E+00	1.87E+01
			6108330000	-1.14E+00	3.19E+01	1.89E+00	1.76E+01
			6108331250	-1.08E+00	3.19E+01	2.02E+00	1.85E+01
			6108332500	-1.07E+00	3.11E+01	2.07E+00	1.69E+01
			6108333750	-8.57E-01	3.10E+01	2.18E+00	1.69E+01
			6108335000	-9.52E-01	3.10E+01	2.13E+00	1.76E+01
			6108336250	-8.82E-01	3.10E+01	1.94E+00	1.74E+01
			6108337500	-7.47E-01	3.07E+01	2.08E+00	1.68E+01
			6108338750	-7.65E-01	3.11E+01	2.10E+00	1.75E+01
			6108340000	-6.97E-01	3.05E+01	2.23E+00	1.70E+01
			6108341250	-7.17E-01	3.05E+01	2.05E+00	1.73E+01
			6108342500	-6.55E-01	3.10E+01	2.24E+00	1.86E+01
			6108343750	-6.28E-01	3.10E+01	2.14E+00	1.74E+01
			6108345000	-6.21E-01	3.03E+01	1.98E+00	1.68E+01
			6108346250	-5.95E-01	3.04E+01	2.30E+00	1.68E+01
			6108347500	-5.31E-01	3.03E+01	2.33E+00	1.81E+01
			6108348750	-4.67E-01	3.06E+01	2.34E+00	1.78E+01
			6108350000	-4.08E-01	2.96E+01	2.24E+00	1.70E+01
			6108351250	-3.22E-01	3.00E+01	2.30E+00	2.01E+01
			6108352500	-3.36E-01	2.99E+01	2.27E+00	1.71E+01
			6108353750	-3.29E-01	2.97E+01	2.27E+00	1.71E+01
			6108355000	-2.93E-01	2.95E+01	2.19E+00	1.75E+01
			6108356250	-2.16E-01	2.94E+01	2.27E+00	1.84E+01
			6108357500	-1.90E-01	2.93E+01	2.57E+00	1.71E+01
			6108358750	-2.07E-01	2.96E+01	2.46E+00	1.73E+01
			6108360000	-1.40E-01	2.91E+01	2.32E+00	1.60E+01
			6108361250	-1.20E-01	2.93E+01	2.40E+00	1.73E+01
			6108362500	-1.46E-02	2.87E+01	2.51E+00	1.84E+01
			6108363750	3.52E-02	2.97E+01	2.39E+00	1.70E+01
			6108365000	3.56E-02	2.94E+01	2.41E+00	2.00E+01
			6108366250	9.13E-02	2.88E+01	2.66E+00	1.79E+01
			6108367500	1.22E-01	2.86E+01	2.36E+00	1.83E+01
			6108368750	1.23E-01	2.91E+01	2.39E+00	1.68E+01
			6108370000	1.99E-01	2.84E+01	2.40E+00	1.75E+01
			6108371250	2.66E-01	2.87E+01	2.35E+00	1.77E+01
			6108372500	1.91E-01	2.92E+01	2.30E+00	1.72E+01
			6108373750	3.40E-01	2.87E+01	2.57E+00	1.60E+01
			6108375000	3.41E-01	2.90E+01	2.63E+00	1.75E+01
			6108376250	3.86E-01	2.84E+01	2.40E+00	1.61E+01
			6108377500	3.76E-01	2.78E+01	2.55E+00	1.63E+01
			6108378750	4.01E-01	2.86E+01	2.49E+00	1.72E+01
			6108380000	4.35E-01	2.82E+01	2.57E+00	1.75E+01
			6108381250	4.47E-01	2.88E+01	2.54E+00	1.68E+01
			6108382500	5.37E-01	2.82E+01	2.50E+00	1.65E+01
			6108383750	5.19E-01	2.81E+01	2.50E+00	1.69E+01
			6108385000	5.65E-01	2.82E+01	2.56E+00	1.70E+01
			6108386250	5.88E-01	2.78E+01	2.66E+00	1.72E+01
			6108387500	6.67E-01	2.82E+01	2.35E+00	1.65E+01
			6108388750	6.92E-01	2.79E+01	2.69E+00	1.82E+01
			6108390000	6.93E-01	2.76E+01	2.58E+00	1.65E+01
			6108391250	7.40E-01	2.76E+01	2.89E+00	1.77E+01
			6108392500	8.72E-01	2.77E+01	2.39E+00	1.80E+01
			6108393750	8.31E-01	2.77E+01	2.66E+00	1.75E+01
			6108395000	8.46E-01	2.75E+01	2.56E+00	1.74E+01
			6108396250	8.76E-01	2.74E+01	2.55E+00	1.79E+01
			6108397500	8.83E-01	2.75E+01	2.61E+00	1.71E+01
			6108398750	9.09E-01	2.67E+01	2.51E+00	1.62E+01
			6108400000	9.24E-01	2.74E+01	2.46E+00	1.57E+01
			6108401250	9.78E-01	2.75E+01	2.69E+00	1.73E+01
			6108402500	9.72E-01	2.73E+01	2.69E+00	1.56E+01
			6108403750	1.05E+00	2.74E+01	2.69E+00	1.76E+01
			6108405000	1.02E+00	2.73E+01	2.56E+00	1.70E+01
			6108406250	1.12E+00	2.68E+01	2.69E+00	1.66E+01
			6108407500	1.08E+00	2.65E+01	2.79E+00	1.58E+01
			6108408750	1.13E+00	2.69E+01	2.83E+00	1.77E+01
			6108410000	1.14E+00	2.65E+01	2.80E+00	1.63E+01
			6108411250	1.29E+00	2.64E+01	2.91E+00	1.73E+01
			6108412500	1.12E+00	2.66E+01	2.54E+00	1.70E+01
			6108413750	1.32E+00	2.71E+01	2.52E+00	1.68E+01
			6108415000	1.31E+00	2.63E+01	2.94E+00	1.67E+01
			6108416250	1.26E+00	2.65E+01	2.69E+00	1.66E+01
			6108417500	1.26E+00	2.63E+01	2.81E+00	1.64E+01
			6108418750	1.29E+00	2.64E+01	2.86E+00	1.60E+01
			6108420000	1.37E+00	2.63E+01	2.74E+00	1.53E+01
			6108421250	1.34E+00	2.60E+01	2.80E+00	1.73E+01
			6108422500	1.45E+00	2.59E+01	2.90E+00	1.63E+01
			6108423750	1.43E+00	2.54E+01	2.58E+00	1.67E+01
			6108425000	1.45E+00	2.59E+01	2.79E+00	1.64E+01
			6108426250	1.49E+00	2.54E+01	2.78E+00	1.63E+01
			6108427500	1.52E+00	2.59E+01	2.77E+00	1.63E+01
			6108428750	1.52E+00	2.55E+01	3.01E+00	1.67E+01
			6108430000	1.54E+00	2.58E+01	2.99E+00	1.67E+01
			6108431250	1.55E+00	2.54E+01	2.86E+00	1.53E+01
			6108432500	1.57E+00	2.55E+01	2.83E+00	1.53E+01
			6108433750	1.68E+00	2.57E+01	2.56E+00	1.84E+01
			6108435000	1.63E+00	2.54E+01	2.80E+00	1.57E+01
			6108436250	1.66E+00	2.54E+01	2.86E+00	1.65E+01
			6108437500	1.75E+00	2.53E+01	2.84E+00	1.64E+01
			6108438750	1.72E+00	2.46E+01	2.89E+00	1.63E+01
			6108440000	1.67E+00	2.51E+01	2.90E+00	1.70E+01
			6108441250	1.75E+00	2.45E+01	2.85E+00	1.69E+01
			6108442500	1.78E+00	2.49E+01	2.95E+00	1.66E+01
			6108443750	1.81E+00	2.46E+01	2.83E+00	1.70E+01
			6108445000	1.77E+00	2.46E+01	2.60E+00	1.67E+01
			6108446250	1.80E+00	2.44E+01	2.85E+00	1.59E+01
			6108447500	1.83E+00	2.48E+01	2.77E+00	1.50E+01
			6108448750	1.81E+00	2.47E+01	3.02E+00	1.64E+01
			6108450000	1.85E+00	2.46E+01	3.10E+00	1.60E+01
			6108451250	1.86E+00	2.47E+01	2.88E+00	1.51E+01
			6108452500	1.85E+00	2.42E+01	2.93E+00	1.36E+01
			6108453750	1.88E+00	2.43E+01	3.14E+00	1.64E+01
			6108455000	1.91E+00	2.47E+01	2.87E+00	1.73E+01
			6108456250	1.95E+00	2.41E+01	2.91E+00	1.67E+01
			6108457500	1.95E+00	2.43E+01	2.78E+00	1.64E+01
			6108458750	1.96E+00	2.42E+01	2.94E+00	1.58E+01
			6108460000	1.98E+00	2.39E+01	3.19E+00	1.65E+01
			6108461250	2.01E+00	2.36E+01	2.97E+00	1.76E+01
			6108462500	1.98E+00	2.35E+01	2.93E+00	1.61E+01
			6108463750	1.98E+00	2.38E+01	2.76E+00	1.71E+01
			6108465000	2.03E+00	2.34E+01	2.73E+00	1.51E+01
			6108466250	2.02E+00	2.33E+01	3.06E+00	1.75E+01
			6108467500	2.03E+00	2.37E+01	2.95E+00	1.64E+01
			6108468750	2.05E+00	2.33E+01	3.06E+00	1.67E+01
			6108470000	2.06E+00	2.29E+01	2.76E+00	1.71E+01
			6108471250	2.07E+00	2.31E+01	2.85E+00	1.59E+01
			6108472500	2.06E+00	2.31E+01	2.96E+00	1.69E+01
			6108473750	2.14E+00	2.30E+01	2.94E+00	1.72E+01
			6108475000	2.16E+00	2.29E+01	3.03E+00	1.46E+01
			6108476250	2.04E+00	2.29E+01	2.88E+00	1.70E+01
			6108477500	2.12E+00	2.29E+01	2.90E+00	1.57E+01
			6108478750	2.13E+00	2.33E+01	2.91E+00	1.64E+01
			6108480000	2.16E+00	2.28E+01	3.02E+00	1.60E+01
			6108481250	2.20E+00	2.26E+01	3.32E+00	1.65E+01
			6108482500	2.17E+00	2.24E+01	3.11E+00	1.72E+01
			6108483750	2.19E+00	2.25E+01	3.03E+00	1.59E+01
			6108485000	2.17E+00	2.25E+01	3.25E+00	1.67E+01
			6108486250	2.19E+00	2.23E+01	2.93E+00	1.62E+01
			6108487500	2.26E+00	2.21E+01	3.03E+00	1.76E+01
			6108488750	2.24E+00	2.23E+01	2.81E+00	1.60E+01
			6108490000	2.24E+00	2.28E+01	2.92E+00	1.60E+01
			6108491250	2.32E+00	2.23E+01	2.93E+00	1.64E+01
			6108492500	2.32E+00	2.21E+01	3.00E+00	1.65E+01
			6108493750	2.28E+00	2.20E+01	2.87E+00	1.70E+01
			6108495000	2.32E+00	2.22E+01	2.95E+00	1.61E+01
			6108496250	2.28E+00	2.18E+01	3.04E+00	1.53E+01
			6108497500	2.33E+00	2.19E+01	3.10E+00	1.65E+01
			6108498750	2.27E+00	2.21E+01	2.93E+00	1.64E+01
			6108500000	2.36E+00	2.21E+01	3.10E+00	1.61E+01
			6108501250	2.35E+00	2.20E+01	3.23E+00	1.44E+01
			6108502500	2.33E+00	2.20E+01	2.86E+00	1.42E+01
			6108503750	2.41E+00	2.17E+01	3.16E+00	1.45E+01
			6108505000	2.34E+00	2.14E+01	3.29E+00	1.59E+01
			6108506250	2.36E+00	2.11E+01	3.09E+00	1.56E+01
			6108507500	2.41E+00	2.14E+01	3.08E+00	1.64E+01
			6108508750	2.38E+00	2.15E+01	2.79E+00	1.54E+01
			6108510000	2.40E+00	2.13E+01	3.12E+00	1.60E+01
			6108511250	2.42E+00	2.12E+01	3.06E+00	1.50E+01
			6108512500	2.40E+00	2.14E+01	3.04E+00	1.58E+01
			6108513750	2.42E+00	2.11E+01	3.02E+00	1.55E+01
			6108515000	2.45E+00	2.11E+01	3.13E+00	1.53E+01
			6108516250	2.41E+00	2.12E+01	3.17E+00	1.56E+01
			6108517500	2.46E+00	2.12E+01	3.05E+00	1.58E+01
			6108518750	2.41E+00	2.11E+01	3.19E+00	1.46E+01
			6108520000	2.45E+00	2.05E+01	3.30E+00	1.54E+01
			6108521250	2.44E+00	2.07E+01	2.92E+00	1.54E+01
			6108522500	2.49E+00	2.09E+01	3.09E+00	1.59E+01
			6108523750	2.46E+00	2.13E+01	3.14E+00	1.61E+01
			6108525000	2.48E+00	2.08E+01	3.10E+00	1.51E+01
			6108526250	2.54E+00	2.09E+01	3.09E+00	1.64E+01
			6108527500	2.54E+00	2.05E+01	2.99E+00	1.66E+01
			6108528750	2.54E+00	2.04E+01	3.22E+00	1.48E+01
			6108530000	2.56E+00	2.08E+01	3.07E+00	1.72E+01
			6108531250	2.57E+00	2.02E+01	3.07E+00	1.62E+01
			6108532500	2.46E+00	2.04E+01	3.01E+00	1.62E+01
			6108533750	2.51E+00	2.05E+01	3.11E+00	1.42E+01
			6108535000	2.56E+00	2.05E+01	3.01E+00	1.59E+01
			6108536250	2.54E+00	2.00E+01	3.20E+00	1.46E+01
			6108537500	2.52E+00	2.00E+01	3.11E+00	1.66E+01
			6108538750	2.53E+00	2.00E+01	3.13E+00	1.57E+01
			6108540000	2.55E+00	2.07E+01	3.22E+00	1.61E+01
			6108541250	2.51E+00	2.03E+01	3.16E+00	1.63E+01
			6108542500	2.60E+00	2.01E+01	3.04E+00	1.44E+01
			6108543750	2.58E+00	2.04E+01	3.13E+00	1.41E+01
			6108545000	2.60E+00	2.03E+01	3.25E+00	1.50E+01
			6108546250	2.57E+00	1.99E+01	3.14E+00	1.39E+01
			6108547500	2.60E+00	1.97E+01	2.94E+00	1.65E+01
			6108548750	2.60E+00	1.98E+01	3.14E+00	1.54E+01
			6108550000	2.58E+00	1.97E+01	3.01E+00	1.60E+01
			6108551250	2.61E+00	1.95E+01	3.08E+00	1.51E+01
			6108552500	2.61E+00	1.96E+01	2.93E+00	1.50E+01
			6108553750	2.62E+00	1.96E+01	3.33E+00	1.65E+01
			6108555000	2.64E+00	2.00E+01	3.02E+00	1.47E+01
			6108556250	2.65E+00	2.01E+01	3.23E+00	1.60E+01
			6108557500	2.69E+00	1.97E+01	3.10E+00	1.64E+01
			6108558750	2.66E+00	1.95E+01	3.07E+00	1.51E+01
			6108560000	2.68E+00	1.97E+01	3.28E+00	1.59E+01
			6108561250	2.67E+00	1.93E+01	3.09E+00	1.65E+01
			6108562500	2.66E+00	1.93E+01	3.16E+00	1.58E+01
			6108563750	2.75E+00	1.94E+01	3.22E+00	1.44E+01
			6108565000	2.62E+00	1.94E+01	3.24E+00	1.57E+01
			6108566250	2.66E+00	1.92E+01	3.07E+00	1.46E+01
			6108567500	2.68E+00	1.93E+01	2.99E+00	1.53E+01
			6108568750	2.71E+00	1.92E+01	2.93E+00	1.53E+01
			6108570000	2.68E+00	1.92E+01	3.23E+00	1.42E+01
			6108571250	2.72E+00	1.92E+01	3.05E+00	1.37E+01
			6108572500	2.76E+00	1.86E+01	3.14E+00	1.45E+01
			6108573750	2.72E+00	1.87E+01	3.16E+00	1.58E+01
			6108575000	2.77E+00	1.87E+01	2.98E+00	1.39E+01
			6108576250	2.75E+00	1.89E+01	3.06E+00	1.64E+01
			6108577500	2.77E+00	1.87E+01	3.08E+00	1.59E+01
			6108578750	2.73E+00	1.90E+01	3.27E+00	1.43E+01
			6108580000	2.74E+00	1.86E+01	3.07E+00	1.45E+01
			6108581250	2.76E+00	1.88E+01	3.08E+00	1.45E+01
			6108582500	2.80E+00	1.85E+01	3.08E+00	1.50E+01
			6108583750	2.77E+00	1.83E+01	3.05E+00	1.57E+01
			6108585000	2.79E+00	1.88E+01	3.17E+00	1.43E+01
			6108586250	2.75E+00	1.88E+01	3.13E+00	1.56E+01
			6108587500	2.77E+00	1.87E+01	3.09E+00	1.33E+01
			6108588750	2.74E+00	1.90E+01	3.22E+00	1.55E+01
			6108590000	2.79E+00	1.84E+01	3.12E+00	1.56E+01
			6108591250	2.76E+00	1.82E+01	3.25E+00	1.48E+01
			6108592500	2.78E+00	1.84E+01	3.35E+00	1.62E+01
			6108593750	2.85E+00	1.83E+01	3.22E+00	1.68E+01
			6108595000	2.83E+00	1.83E+01	3.20E+00	1.50E+01
			6108596250	2.84E+00	1.84E+01	3.08E+00	1.58E+01
			6108597500	2.89E+00	1.83E+01	3.16E+00	1.39E+01
			6108598750	2.79E+00	1.82E+01	3.07E+00	1.52E+01
			6108600000	2.84E+00	1.83E+01	3.07E+00	1.46E+01
			6108601250	2.81E+00	1.79E+01	3.18E+00	1.39E+01
			6108602500	2.88E+00	1.82E+01	3.15E+00	1.44E+01
			6108603750	2.87E+00	1.79E+01	3.03E+00	1.50E+01
			6108605000	2.88E+00	1.79E+01	3.20E+00	1.45E+01
			6108606250	2.85E+00	1.80E+01	3.13E+00	1.49E+01
			6108607500	2.87E+00	1.79E+01	3.21E+00	1.44E+01
			6108608750	2.86E+00	1.81E+01	3.23E+00	1.49E+01
			6108610000	2.86E+00	1.81E+01	3.26E+00	1.39E+01
			6108611250	2.81E+00	1.77E+01	3.21E+00	1.45E+01
			6108612500	2.88E+00	1.79E+01	3.02E+00	1.43E+01
			6108613750	2.93E+00	1.76E+01	3.30E+00	1.56E+01
			6108615000	2.86E+00	1.75E+01	3.15E+00	1.38E+01
			6108616250	2.92E+00	1.75E+01	3.33E+00	1.51E+01
			6108617500	2.83E+00	1.78E+01	3.25E+00	1.51E+01
			6108618750	2.91E+00	1.76E+01	3.26E+00	1.49E+01
			6108620000	2.83E+00	1.76E+01	3.23E+00	1.42E+01
			6108621250	2.95E+00	1.78E+01	3.11E+00	1.44E+01
			6108622500	2.92E+00	1.78E+01	3.22E+00	1.48E+01
			6108623750	2.94E+00	1.82E+01	3.22E+00	1.54E+01
			6108625000	2.93E+00	1.74E+01	3.30E+00	1.37E+01
			6108626250	2.89E+00	1.76E+01	3.17E+00	1.51E+01
			6108627500	2.96E+00	1.77E+01	3.20E+00	1.41E+01
			6108628750	2.92E+00	1.76E+01	3.41E+00	1.48E+01
			6108630000	2.95E+00	1.75E+01	3.31E+00	1.40E+01
			6108631250	2.96E+00	1.74E+01	3.22E+00	1.33E+01
			6108632500	2.93E+00	1.74E+01	3.22E+00	1.47E+01
			6108633750	2.98E+00	1.71E+01	3.22E+00	1.42E+01
			6108635000	3.00E+00	1.73E+01	3.34E+00	1.37E+01
			6108636250	2.90E+00	1.73E+01	3.18E+00	1.40E+01
			6108637500	2.93E+00	1.71E+01	3.14E+00	1.57E+01
			6108638750	2.96E+00	1.71E+01	3.29E+00	1.39E+01
			6108640000	2.97E+00	1.72E+01	3.34E+00	1.50E+01
			6108641250	2.95E+00	1.68E+01	3.32E+00	1.38E+01
			6108642500	2.96E+00	1.74E+01	3.29E+00	1.38E+01
			6108643750	2.98E+00	1.69E+01	2.96E+00	1.53E+01
			6108645000	2.95E+00	1.70E+01	3.08E+00	1.42E+01
			6108646250	2.97E+00	1.72E+01	3.17E+00	1.39E+01
			6108647500	2.98E+00	1.70E+01	3.21E+00	1.49E+01
			6108648750	2.94E+00	1.70E+01	3.35E+00	1.45E+01
			6108650000	3.00E+00	1.68E+01	3.33E+00	1.42E+01
			6108651250	2.95E+00	1.67E+01	3.30E+00	1.54E+01
			6108652500	3.01E+00	1.64E+01	3.14E+00	1.49E+01
			6108653750	2.97E+00	1.67E+01	3.02E+00	1.33E+01
			6108655000	3.00E+00	1.68E+01	3.31E+00	1.43E+01
			6108656250	3.01E+00	1.64E+01	3.12E+00	1.43E+01
			6108657500	2.99E+00	1.66E+01	3.19E+00	1.44E+01
			6108658750	3.03E+00	1.68E+01	3.24E+00	1.36E+01
			6108660000	3.02E+00	1.67E+01	3.19E+00	1.44E+01
			6108661250	2.99E+00	1.68E+01	3.16E+00	1.55E+01
			6108662500	2.99E+00	1.68E+01	3.30E+00	1.33E+01
			6108663750	3.03E+00	1.66E+01	3.18E+00	1.47E+01
			6108665000	3.04E+00	1.66E+01	3.39E+00	1.41E+01
			6108666250	3.07E+00	1.67E+01	3.26E+00	1.49E+01
			6108667500	3.05E+00	1.64E+01	3.13E+00	1.36E+01
			6108668750	3.04E+00	1.67E+01	3.36E+00	1.45E+01
			6108670000	3.05E+00	1.61E+01	3.17E+00	1.41E+01
			6108671250	3.02E+00	1.62E+01	3.14E+00	1.36E+01
			6108672500	3.05E+00	1.61E+01	3.38E+00	1.33E+01
			6108673750	3.12E+00	1.63E+01	3.31E+00	1.36E+01
			6108675000	3.06E+00	1.63E+01	3.22E+00	1.48E+01
			6108676250	3.02E+00	1.60E+01	3.22E+00	1.48E+01
			6108677500	3.03E+00	1.59E+01	3.28E+00	1.30E+01
			6108678750	3.06E+00	1.60E+01	3.12E+00	1.44E+01
			6108680000	2.95E+00	1.62E+01	3.27E+00	1.34E+01
			6108681250	3.04E+00	1.59E+01	3.13E+00	1.41E+01
			6108682500	3.09E+00	1.62E+01	3.32E+00	1.43E+01
			6108683750	3.06E+00	1.57E+01	3.27E+00	1.39E+01
			6108685000	3.07E+00	1.60E+01	3.35E+00	1.41E+01
			6108686250	3.08E+00	1.58E+01	3.31E+00	1.42E+01
			6108687500	3.11E+00	1.59E+01	3.48E+00	1.31E+01
			6108688750	3.08E+00	1.59E+01	3.22E+00	1.42E+01
			6108690000	3.14E+00	1.60E+01	3.34E+00	1.34E+01
			6108691250	3.12E+00	1.56E+01	3.39E+00	1.41E+01
			6108692500	3.14E+00	1.60E+01	3.43E+00	1.42E+01
			6108693750	3.05E+00	1.59E+01	3.40E+00	1.42E+01
			6108695000	3.07E+00	1.58E+01	3.47E+00	1.31E+01
			6108696250	3.08E+00	1.62E+01	3.41E+00	1.38E+01
			6108697500	3.09E+00	1.59E+01	3.27E+00	1.50E+01
			6108698750	3.11E+00	1.60E+01	3.27E+00	1.43E+01
			6108700000	3.14E+00	1.57E+01	3.30E+00	1.30E+01
			6108701250	3.08E+00	1.55E+01	3.33E+00	1.43E+01
			6108702500	3.12E+00	1.56E+01	3.20E+00	1.30E+01
			6108703750	3.14E+00	1.56E+01	3.20E+00	1.30E+01
			6108705000	3.12E+00	1.53E+01	3.29E+00	1.34E+01
			6108706250	3.20E+00	1.58E+01	3.58E+00	1.44E+01
			6108707500	3.19E+00	1.55E+01	3.13E+00	1.29E+01
			6108708750	3.15E+00	1.53E+01	3.24E+00	1.23E+01
			6108710000	3.15E+00	1.55E+01	3.46E+00	1.29E+01
			6108711250	3.12E+00	1.52E+01	3.31E+00	1.31E+01
			6108712500	3.12E+00	1.54E+01	3.22E+00	1.33E+01
			6108713750	3.15E+00	1.55E+01	3.24E+00	1.49E+01
			6108715000	3.13E+00	1.56E+01	3.25E+00	1.36E+01
			6108716250	3.14E+00	1.54E+01	3.31E+00	1.49E+01
			6108717500	3.19E+00	1.56E+01	3.22E+00	1.29E+01
			6108718750	3.18E+00	1.55E+01	3.28E+00	1.43E+01
			6108720000	3.14E+00	1.53E+01	3.34E+00	1.27E+01
			6108721250	3.13E+00	1.52E+01	3.23E+00	1.41E+01
			6108722500	3.16E+00	1.51E+01	3.30E+00	1.50E+01
			6108723750	3.13E+00	1.52E+01	3.25E+00	1.34E+01
			6108725000	3.19E+00	1.51E+01	3.32E+00	1.39E+01
			6108726250	3.18E+00	1.53E+01	3.33E+00	1.20E+01
			6108727500	3.17E+00	1.51E+01	3.21E+00	1.35E+01
			6108728750	3.18E+00	1.53E+01	3.20E+00	1.33E+01
			6108730000	3.17E+00	1.52E+01	3.47E+00	1.33E+01
			6108731250	3.17E+00	1.51E+01	3.22E+00	1.38E+01
			6108732500	3.19E+00	1.49E+01	3.45E+00	1.17E+01
			6108733750	3.17E+00	1.50E+01	3.36E+00	1.34E+01
			6108735000	3.22E+00	1.49E+01	3.43E+00	1.41E+01
			6108736250	3.24E+00	1.51E+01	3.31E+00	1.35E+01
			6108737500	3.21E+00	1.49E+01	3.33E+00	1.30E+01
			6108738750	3.13E+00	1.48E+01	3.39E+00	1.27E+01
			6108740000	3.19E+00	1.50E+01	3.27E+00	1.33E+01
			6108741250	3.19E+00	1.50E+01	3.27E+00	1.15E+01
			6108742500	3.16E+00	1.49E+01	3.26E+00	1.32E+01
			6108743750	3.20E+00	1.53E+01	3.23E+00	1.34E+01
			6108745000	3.17E+00	1.49E+01	3.48E+00	1.27E+01
			6108746250	3.23E+00	1.48E+01	3.25E+00	1.42E+01
			6108747500	3.17E+00	1.48E+01	3.24E+00	1.30E+01
			6108748750	3.20E+00	1.51E+01	3.28E+00	1.06E+01
			6108750000	3.23E+00	1.46E+01	3.13E+00	1.32E+01
			6108751250	3.15E+00	1.46E+01	3.23E+00	1.36E+01
			6108752500	3.20E+00	1.47E+01	3.36E+00	1.21E+01
			6108753750	3.24E+00	1.46E+01	3.45E+00	1.33E+01
			6108755000	3.22E+00	1.41E+01	3.60E+00	1.30E+01
			6108756250	3.23E+00	1.42E+01	3.40E+00	1.28E+01
			6108757500	3.22E+00	1.47E+01	3.31E+00	1.35E+01
			6108758750	3.18E+00	1.41E+01	3.32E+00	1.29E+01
			6108760000	3.20E+00	1.46E+01	3.33E+00	1.26E+01
			6108761250	3.22E+00	1.46E+01	3.35E+00	1.31E+01
			6108762500	3.25E+00	1.43E+01	3.30E+00	1.27E+01
			6108763750	3.25E+00	1.43E+01	3.30E+00	1.36E+01
			6108765000	3.23E+00	1.43E+01	3.37E+00	1.37E+01
			6108766250	3.27E+00	1.45E+01	3.39E+00	1.40E+01
			6108767500	3.25E+00	1.39E+01	3.17E+00	1.30E+01
			6108768750	3.22E+00	1.43E+01	3.19E+00	1.22E+01
			6108770000	3.23E+00	1.42E+01	3.16E+00	1.23E+01
			6108771250	3.27E+00	1.44E+01	3.25E+00	1.25E+01
			6108772500	3.19E+00	1.45E+01	3.41E+00	1.37E+01
			6108773750	3.23E+00	1.44E+01	3.16E+00	1.12E+01
			6108775000	3.21E+00	1.42E+01	3.24E+00	1.20E+01
			6108776250	3.27E+00	1.42E+01	3.32E+00	1.33E+01
			6108777500	3.26E+00	1.43E+01	3.33E+00	1.22E+01
			6108778750	3.26E+00	1.42E+01	3.20E+00	1.24E+01
			6108780000	3.24E+00	1.43E+01	3.28E+00	1.31E+01
			6108781250	3.22E+00	1.41E+01	3.36E+00	1.30E+01
			6108782500	3.26E+00	1.39E+01	3.34E+00	1.33E+01
			6108783750	3.31E+00	1.42E+01	3.35E+00	1.32E+01
			6108785000	3.23E+00	1.40E+01	3.24E+00	1.28E+01
			6108786250	3.24E+00	1.41E+01	3.21E+00	1.32E+01
			6108787500	3.23E+00	1.40E+01	3.23E+00	1.16E+01
			6108788750	3.24E+00	1.38E+01	3.57E+00	1.35E+01
			6108790000	3.28E+00	1.39E+01	3.52E+00	1.17E+01
			6108791250	3.26E+00	1.37E+01	3.41E+00	1.25E+01
			6108792500	3.21E+00	1.39E+01	3.34E+00	1.28E+01
			6108793750	3.24E+00	1.38E+01	3.29E+00	1.29E+01
			6108795000	3.33E+00	1.40E+01	3.47E+00	1.19E+01
			6108796250	3.32E+00	1.38E+01	3.39E+00	1.25E+01
			6108797500	3.22E+00	1.35E+01	3.50E+00	1.21E+01
			6108798750	3.28E+00	1.35E+01	3.51E+00	1.37E+01
			6108800000	3.29E+00	1.36E+01	3.53E+00	1.30E+01
			6108801250	3.21E+00	1.38E+01	3.33E+00	1.30E+01
			6108802500	3.35E+00	1.38E+01	3.62E+00	1.42E+01
			6108803750	3.26E+00	1.35E+01	3.37E+00	1.16E+01
			6108805000	3.28E+00	1.37E+01	3.31E+00	1.36E+01
			6108806250	3.30E+00	1.36E+01	3.35E+00	1.26E+01
			6108807500	3.33E+00	1.36E+01	3.48E+00	1.25E+01
			6108808750	3.26E+00	1.36E+01	3.26E+00	1.14E+01
			6108810000	3.28E+00	1.35E+01	3.48E+00	1.24E+01
			6108811250	3.32E+00	1.35E+01	3.28E+00	1.29E+01
			6108812500	3.30E+00	1.32E+01	3.37E+00	1.28E+01
			6108813750	3.33E+00	1.36E+01	3.51E+00	1.30E+01
			6108815000	3.31E+00	1.33E+01	3.50E+00	1.24E+01
			6108816250	3.33E+00	1.34E+01	3.37E+00	1.29E+01
			6108817500	3.30E+00	1.35E+01	3.20E+00	1.24E+01
			6108818750	3.29E+00	1.34E+01	3.22E+00	1.13E+01
			6108820000	3.26E+00	1.31E+01	3.53E+00	1.36E+01
			6108821250	3.25E+00	1.36E+01	3.45E+00	1.25E+01
			6108822500	3.29E+00	1.36E+01	3.40E+00	1.14E+01
			6108823750	3.30E+00	1.32E+01	3.63E+00	1.28E+01
			6108825000	3.30E+00	1.35E+01	3.41E+00	1.22E+01
			6108826250	3.32E+00	1.34E+01	3.33E+00	1.21E+01
			6108827500	3.33E+00	1.31E+01	3.49E+00	1.18E+01
			6108828750	3.30E+00	1.32E+01	3.48E+00	1.31E+01
			6108830000	3.34E+00	1.34E+01	3.24E+00	1.18E+01
			6108831250	3.36E+00	1.31E+01	3.45E+00	1.36E+01
			6108832500	3.27E+00	1.33E+01	3.31E+00	1.13E+01
			6108833750	3.30E+00	1.30E+01	3.63E+00	1.22E+01
			6108835000	3.32E+00	1.30E+01	3.37E+00	1.31E+01
			6108836250	3.32E+00	1.31E+01	3.28E+00	1.27E+01
			6108837500	3.32E+00	1.33E+01	3.43E+00	1.21E+01
			6108838750	3.35E+00	1.31E+01	3.51E+00	1.19E+01
			6108840000	3.34E+00	1.32E+01	3.20E+00	1.16E+01
			6108841250	3.36E+00	1.29E+01	3.29E+00	1.06E+01
			6108842500	3.33E+00	1.30E+01	3.27E+00	1.18E+01
			6108843750	3.32E+00	1.26E+01	3.13E+00	1.17E+01
			6108845000	3.31E+00	1.29E+01	3.36E+00	1.20E+01
			6108846250	3.35E+00	1.29E+01	3.24E+00	1.14E+01
			6108847500	3.36E+00	1.29E+01	3.22E+00	1.13E+01
			6108848750	3.35E+00	1.31E+01	3.15E+00	1.17E+01
			6108850000	3.34E+00	1.25E+01	3.28E+00	1.26E+01
			6108851250	3.37E+00	1.30E+01	3.47E+00	1.23E+01
			6108852500	3.32E+00	1.29E+01	3.26E+00	1.15E+01
			6108853750	3.40E+00	1.31E+01	3.43E+00	1.21E+01
			6108855000	3.34E+00	1.27E+01	3.43E+00	1.32E+01
			6108856250	3.33E+00	1.28E+01	3.51E+00	1.29E+01
			6108857500	3.40E+00	1.27E+01	3.43E+00	1.18E+01
			6108858750	3.38E+00	1.28E+01	3.45E+00	1.26E+01
			6108860000	3.35E+00	1.26E+01	3.37E+00	1.19E+01
			6108861250	3.36E+00	1.30E+01	3.26E+00	1.11E+01
			6108862500	3.43E+00	1.27E+01	3.41E+00	1.13E+01
			6108863750	3.34E+00	1.28E+01	3.46E+00	1.28E+01
			6108865000	3.44E+00	1.28E+01	3.47E+00	1.19E+01
			6108866250	3.39E+00	1.27E+01	3.26E+00	1.13E+01
			6108867500	3.36E+00	1.26E+01	3.31E+00	1.03E+01
			6108868750	3.41E+00	1.25E+01	3.33E+00	1.22E+01
			6108870000	3.36E+00	1.22E+01	3.51E+00	1.22E+01
			6108871250	3.40E+00	1.21E+01	3.41E+00	1.12E+01
			6108872500	3.37E+00	1.26E+01	3.38E+00	1.17E+01
			6108873750	3.38E+00	1.22E+01	3.50E+00	1.17E+01
			6108875000	3.33E+00	1.25E+01	3.28E+00	1.19E+01
			6108876250	3.41E+00	1.27E+01	3.41E+00	1.13E+01
			6108877500	3.38E+00	1.23E+01	3.18E+00	1.06E+01
			6108878750	3.34E+00	1.23E+01	3.38E+00	1.21E+01
			6108880000	3.42E+00	1.24E+01	3.33E+00	1.17E+01
			6108881250	3.42E+00	1.23E+01	3.37E+00	1.15E+01
			6108882500	3.34E+00	1.24E+01	3.24E+00	1.15E+01
			6108883750	3.35E+00	1.26E+01	3.22E+00	1.09E+01
			6108885000	3.43E+00	1.19E+01	3.29E+00	1.06E+01
			6108886250	3.28E+00	1.21E+01	3.41E+00	1.15E+01
			6108887500	3.41E+00	1.21E+01	3.41E+00	1.17E+01
			6108888750	3.38E+00	1.22E+01	3.32E+00	1.15E+01
			6108890000	3.34E+00	1.21E+01	3.29E+00	1.16E+01
			6108891250	3.43E+00	1.23E+01	3.28E+00	1.07E+01
			6108892500	3.41E+00	1.25E+01	3.56E+00	1.30E+01
			6108893750	3.41E+00	1.22E+01	3.34E+00	1.19E+01
			6108895000	3.42E+00	1.19E+01	3.53E+00	1.14E+01
			6108896250	3.38E+00	1.18E+01	3.30E+00	1.18E+01
			6108897500	3.39E+00	1.20E+01	3.42E+00	1.12E+01
			6108898750	3.40E+00	1.21E+01	3.42E+00	1.14E+01
			6108900000	3.41E+00	1.21E+01	3.44E+00	1.18E+01
			6108901250	3.39E+00	1.23E+01	3.29E+00	1.15E+01
			6108902500	3.41E+00	1.19E+01	3.32E+00	1.14E+01
			6108903750	3.41E+00	1.19E+01	3.28E+00	1.23E+01
			6108905000	3.42E+00	1.22E+01	3.08E+00	1.05E+01
			6108906250	3.41E+00	1.19E+01	3.35E+00	1.27E+01
			6108907500	3.40E+00	1.20E+01	3.26E+00	1.16E+01
			6108908750	3.42E+00	1.21E+01	3.19E+00	1.16E+01
			6108910000	3.38E+00	1.19E+01	3.29E+00	1.17E+01
			6108911250	3.38E+00	1.23E+01	3.18E+00	1.21E+01
			6108912500	3.45E+00	1.18E+01	3.34E+00	1.16E+01
			6108913750	3.45E+00	1.22E+01	3.42E+00	1.11E+01
			6108915000	3.46E+00	1.17E+01	3.34E+00	1.17E+01
			6108916250	3.41E+00	1.17E+01	3.58E+00	9.86E+00
			6108917500	3.45E+00	1.19E+01	3.36E+00	1.08E+01
			6108918750	3.43E+00	1.17E+01	3.63E+00	1.08E+01
			6108920000	3.44E+00	1.17E+01	3.40E+00	1.10E+01
			6108921250	3.39E+00	1.21E+01	3.60E+00	1.04E+01
			6108922500	3.44E+00	1.14E+01	3.48E+00	1.18E+01
			6108923750	3.41E+00	1.16E+01	3.33E+00	1.10E+01
			6108925000	3.42E+00	1.15E+01	3.39E+00	1.04E+01
			6108926250	3.45E+00	1.16E+01	3.42E+00	1.22E+01
			6108927500	3.46E+00	1.16E+01	3.36E+00	1.10E+01
			6108928750	3.43E+00	1.19E+01	3.43E+00	1.08E+01
			6108930000	3.45E+00	1.16E+01	3.27E+00	1.16E+01
			6108931250	3.43E+00	1.16E+01	3.42E+00	1.03E+01
			6108932500	3.45E+00	1.13E+01	3.20E+00	1.16E+01
			6108933750	3.42E+00	1.16E+01	3.27E+00	1.14E+01
			6108935000	3.44E+00	1.17E+01	3.39E+00	1.09E+01
			6108936250	3.40E+00	1.18E+01	3.30E+00	1.19E+01
			6108937500	3.44E+00	1.15E+01	3.33E+00	1.08E+01
			6108938750	3.44E+00	1.16E+01	3.31E+00	1.04E+01
			6108940000	3.47E+00	1.16E+01	3.29E+00	1.20E+01
			6108941250	3.43E+00	1.14E+01	3.53E+00	1.11E+01
			6108942500	3.41E+00	1.13E+01	3.77E+00	1.15E+01
			6108943750	3.47E+00	1.11E+01	3.65E+00	9.40E+00
			6108945000	3.46E+00	1.13E+01	3.41E+00	1.09E+01
			6108946250	3.53E+00	1.16E+01	3.37E+00	1.16E+01
			6108947500	3.51E+00	1.11E+01	3.40E+00	1.30E+01
			6108948750	3.44E+00	1.14E+01	3.45E+00	1.08E+01
			6108950000	3.45E+00	1.13E+01	3.57E+00	1.07E+01
			6108951250	3.41E+00	1.15E+01	3.33E+00	1.15E+01
			6108952500	3.35E+00	1.14E+01	3.30E+00	1.13E+01
			6108953750	3.46E+00	1.11E+01	3.42E+00	1.06E+01
			6108955000	3.42E+00	1.13E+01	3.48E+00	1.06E+01
			6108956250	3.45E+00	1.13E+01	3.37E+00	1.09E+01
			6108957500	3.50E+00	1.12E+01	3.39E+00	1.06E+01
			6108958750	3.49E+00	1.15E+01	3.54E+00	8.83E+00
			6108960000	3.45E+00	1.11E+01	3.41E+00	1.14E+01
			6108961250	3.45E+00	1.14E+01	3.56E+00	1.20E+01
			6108962500	3.45E+00	1.10E+01	3.35E+00	1.08E+01
			6108963750	3.51E+00	1.13E+01	3.39E+00	1.03E+01
			6108965000	3.46E+00	1.09E+01	3.27E+00	1.15E+01
			6108966250	3.45E+00	1.10E+01	3.55E+00	1.11E+01
			6108967500	3.47E+00	1.12E+01	3.66E+00	1.28E+01
			6108968750	3.47E+00	1.08E+01	3.35E+00	9.89E+00
			6108970000	3.47E+00	1.07E+01	3.40E+00	1.13E+01
			6108971250	3.43E+00	1.09E+01	3.46E+00	1.10E+01
			6108972500	3.42E+00	1.11E+01	3.42E+00	9.99E+00
			6108973750	3.43E+00	1.09E+01	3.36E+00	1.07E+01
			6108975000	3.48E+00	1.08E+01	3.37E+00	1.02E+01
			6108976250	3.53E+00	1.09E+01	3.34E+00	1.07E+01
			6108977500	3.50E+00	1.06E+01	3.49E+00	1.11E+01
			6108978750	3.47E+00	1.12E+01	3.33E+00	1.03E+01
			6108980000	3.52E+00	1.06E+01	3.52E+00	1.10E+01
			6108981250	3.51E+00	1.09E+01	3.42E+00	1.05E+01
			6108982500	3.46E+00	1.11E+01	3.38E+00	9.97E+00
			6108983750	3.47E+00	1.05E+01	3.40E+00	9.92E+00
			6108985000	3.51E+00	1.07E+01	3.59E+00	1.04E+01
			6108986250	3.45E+00	1.08E+01	3.42E+00	9.97E+00
			6108987500	3.43E+00	1.09E+01	3.44E+00	1.08E+01
			6108988750	3.54E+00	1.08E+01	3.40E+00	1.01E+01
			6108990000	3.52E+00	1.06E+01	3.31E+00	1.10E+01
			6108991250	3.46E+00	1.09E+01	3.31E+00	1.06E+01
			6108992500	3.51E+00	1.05E+01	3.81E+00	1.03E+01
			6108993750	3.49E+00	1.07E+01	3.24E+00	1.02E+01
			6108995000	3.55E+00	1.07E+01	3.37E+00	9.96E+00
			6108996250	3.49E+00	1.03E+01	3.40E+00	1.15E+01
			6108997500	3.47E+00	1.05E+01	3.47E+00	1.09E+01
			6108998750	3.48E+00	1.04E+01	3.27E+00	1.07E+01
			6109000000	3.52E+00	1.09E+01	3.53E+00	9.25E+00
